20221119003108 KBSR 22.46689209204728 3.29993 0.0042932664794905085 5.0524765918808986e-05 1.7760490298799549e-06 574.6807641148807 0.2620997085904617 4.655019331739084e-07 0.07394287505475826 1.0293353042449737e-05 -7.0720660368163415 40.58505123213249 0.00033889444939173944 0.0077366891413015795 0.40603477163834856
20221119003108 NBSR 33.76286929173567 3.29993 0.0104751022843773 7.425391600035824e-05 6.781061269711216e-07 5353.815185187313 0.08587132828804406 5.822987384327127e-08 0.044539050917891114 5.9143983964224375e-06 -6.399241084215382 58.685580083701105 7.36199737370422e-05 0.004587280646715024 0.5873153053899747
20221119093725 KSI 3.318068046865048 3.400602 0.08563521197645736 0.0023176957975147424 0.00016081626696314968 254.80717821392054 0.3936171741604092 6.330004456106094e-05 0.17005285378939677 0.038711884481026214 -3.907155077043547 1212.977851778639 0.027320439923291813 0.44627618113253775 12.13360853002721
20221119093725 MNAI 88.76690063149225 3.400602 0.0007107800896430192 9.37070191157211e-06 3.701701464859036e-07 460.9925657070618 0.29263947399179707 1.0832639695510131e-07 0.08283554565846132 1.6884447548665304e-07 -8.367126403689701 3.114735136579891 4.767499280739289e-05 0.0009901813554134553 0.06233205014994788
20221119113145 MGJR 86.16318309020868 3.386871 0.005364157941053599 6.158436750778871e-05 1.4698809419921787e-06 1411.5667837163062 0.16723576196032167 2.4581665932501736e-07 0.07213545859928279 1.4106887926681801e-05 -6.786805755815746 52.19985406601066 0.00022030151229148381 0.007853981148143991 0.5221447781371537
20221119182830 ACJM 164.7383183184774 5.071355 0.02311243916901898 0.000869857631224594 6.718019374338187e-05 106.43541737247115 0.6090273336912647 4.0914574272394444e-05 0.23647338335343654 0.0027095560374747092 -4.782256755396004 199.0597333197954 0.009535252492684327 0.09421177132909778 1.99083006100479
20221119182830 BALE 144.24026706925704 5.071355 0.007298026954205868 0.0005233218312432023 4.191669758106825e-05 75.92272551434706 0.7210974723542624 3.0226024675146337e-05 0.45055027360492944 0.001380937326691862 -5.487766388484791 126.95691104576491 0.009410367603171713 0.08102968776839606 1.2712021406296299
20221119182830 BBJN 108.25305748751677 5.071355 0.027962653255458998 0.0010050479057782137 8.416125096436623e-05 147.26875885182474 0.5177553021067107 4.3574933918734136e-05 0.22583344208813452 0.011049240217927019 -4.709529028774323 494.7648477860567 0.020802574011748166 0.2565741502285742 4.948035144431191
20221119182830 BBJR 213.36352646348604 5.071355 0.005926529001771587 0.00013628343869103143 5.131346998829105e-06 392.54705805405547 0.3171275737615634 1.6272916238673542e-06 0.14448492521329617 9.558564227871612e-05 -6.262842190164893 91.2144114054191 0.0011528791949363868 0.022548943579648803 0.9124099188839123
20221119182830 BTJI 171.28465491485164 5.071355 0.004303053967783601 0.0001859746240555392 9.956575750065497e-06 281.7015953624219 0.3743563593667367 3.7273074495536556e-06 0.2715543504967668 0.0003970720867757023 -6.2160616218178895 112.24634112844535 0.002844345231731456 0.04765501601509037 1.1231958421610393
20221119182830 CLJO 235.63703007690415 5.071355 0.003063929577490825 9.483618381957428e-05 5.474382882071567e-06 198.69066211228588 0.4457497824179879 2.4402049785561585e-06 0.19448009547664477 6.154202005966632e-05 -6.637537608107524 63.33308388880901 0.0013282317342030957 0.019130429174778866 0.633513274384504
20221119182830 CLJR 242.8654413504068 5.071355 0.006767328739779159 0.0001392542465905544 4.953886641020647e-06 789.6917784142651 0.22358932254952038 1.1076361580529254e-06 0.12929181805473916 0.0002120691923369869 -6.278390978477352 157.12817927352535 0.0012677225265111777 0.0354993902420065 1.571698399604728
20221119182830 CSJM 151.3687292916055 5.071355 0.006685724749838946 0.00043506981303927057 3.0393515372889742e-05 82.57041966086427 0.6914608925181347 2.101592726650199e-05 0.4088747830893824 0.0008777299050841303 -5.578079252444229 106.36839255871227 0.008205875372049115 0.06541404764829731 1.0638836581770343
20221119182830 DSJR 174.64784439607973 5.071355 0.020997450665991606 0.0007584071795466378 3.041464717665915e-05 454.7629323736936 0.2946370375703664 8.96128154287876e-06 0.22694244759459742 0.0029716101694636232 -4.944561368544939 337.91569631810285 0.0056781225501556275 0.12196609122442448 3.3828069383650803
20221119182830 JAUI 224.6990371655896 5.071355 0.0032337050885346374 0.00011099734747259357 8.475869241415218e-06 136.67135058451032 0.5374537844493008 4.555388000296033e-06 0.21567115234115042 0.00012151896747603387 -6.560316605786055 72.96775900001037 0.0023560436783784406 0.02723485668259379 0.7299692627786751
20221119182830 JPJI 181.4783737115828 5.071355 0.003966215967260624 0.00016552013710534466 1.1404615501427693e-05 130.53038012780686 0.5499510897800657 6.2719807235327895e-06 0.26221307717162773 0.00020546267272306048 -6.295002001066305 84.03666370610645 0.0030730514645688546 0.03435790029574531 0.8407144519507697
20221119182830 KBJN 201.81206159026792 5.071355 0.005070568687305668 0.00019853766632761384 9.284049316361803e-06 355.9844586044579 0.3330154243391961 3.0917316226742498e-06 0.24601756231296407 0.00037135426673629105 -6.133032665614069 120.11244688439578 0.002478237077279 0.045591294555095044 1.201479461176656
20221119182830 KKJN 140.14197971472294 5.071355 0.006579452792757144 0.0004420110778488651 3.5051788837040075e-05 78.51420208479449 0.7090971790146384 2.485512458376191e-05 0.42210767330192966 0.0009701393078061955 -5.5660415971291926 103.64420951777825 0.008133494472235341 0.0684626650321894 1.036866707686742
20221119182830 KKJR 252.58709882219944 5.071355 0.0022034299142897496 6.572807973815612e-05 3.4318949099172365e-06 409.9469930989999 0.31032446527371543 1.0650009527956522e-06 0.18742674872553444 4.8464037874954694e-05 -7.070131754334248 52.13207315696579 0.0008116751541627469 0.01678420759465555 0.5216845738806617
20221119182830 LBJN 157.05055791792023 5.071355 0.014921142633559953 0.0007293703886755925 4.018427816727415e-05 111.20529806667399 0.5958228151257795 2.3942709741422682e-05 0.30713259849892405 0.0014070022508217677 -5.033854795220162 183.10326802038026 0.008008791101921313 0.07615419016961494 1.8316815090201852
20221119182830 MLJR 252.21800941357688 5.071355 0.003226616428767219 7.68760377982084e-05 4.160273444482607e-06 442.5913190695959 0.2986609365379296 1.2425111631830535e-06 0.14970059250347076 5.578345716195241e-05 -6.773705919660802 72.63767710263596 0.0008216291759569822 0.017617326605742563 0.7267261802552294
20221119182830 PCJN 211.39138232951007 5.071355 0.003925871401905977 9.856349847497526e-05 7.4091905067599455e-06 124.06314209923192 0.5641030920696134 4.179547274596111e-06 0.15774656427653763 6.0441845224842874e-05 -6.495186167742325 65.46432761655691 0.001675397987428198 0.018444269341973414 0.6549460398439371
20221119182830 SPJN 168.9893589957883 5.071355 0.0046269839702542176 0.00010300395266782337 5.46656234217256e-06 243.89021710324357 0.40233024177252447 2.1993633487908637e-06 0.13987360365727203 8.445518177354648e-05 -6.440651047288615 93.1257907779497 0.001424172424173279 0.02196660337401199 0.932000964337217
20221119182830 TOJI 150.86790582281282 5.071355 0.00931869436821109 0.00036632033756103143 2.6653053584748242e-05 183.24571036142711 0.4641549217026274 1.2371145999764752e-05 0.2469936744074576 0.0010829195183379228 -5.667347347130602 189.46750038284355 0.006010700877135621 0.07810621742785959 1.8951370706275532
20221119182830 TSJM 152.0208510624427 5.071355 0.016381409730718492 0.0006394664654141797 2.601983722261817e-05 455.88031793388546 0.29427573094934784 7.657006617869011e-06 0.24527109485516863 0.001833151350019584 -5.088857131162294 298.023540324082 0.004234819271673385 0.09139991077082124 2.981685869575699
20221119182830 WSJM 178.48684533590264 5.071355 0.01039789212956986 0.0002327206870685828 1.25238905780514e-05 347.63536902109956 0.33699068035829577 4.2204344066303915e-06 0.14062727170516887 0.000598145773696647 -5.773705639074099 215.79498248092915 0.003071299498323005 0.0575899077112276 2.1589997083514767
20221119211357 MNAI 247.08806154494516 3.681018 0.00038628146303340994 2.7585314359229882e-06 1.5758572179826308e-07 161.98406204584558 0.4936779450113855 7.779659530050241e-08 0.04486977980117371 1.8367317123345193e-08 -9.263410979842796 2.327388201876934 2.8840119961826878e-05 0.0003383357496762133 0.04656456248183481
20221121062741 CCJM 18.454905058405522 3.844376 0.023984081533329125 0.00047282691730629015 1.4822568070285493e-05 855.0701506058958 0.21487158892014413 3.1849487531392386e-06 0.12386795531567424 0.0006745972689581927 -5.191595443876839 304.2626614558729 0.0017491139691017585 0.05096143655244924 3.042755850969239
20221121062741 DSJR 19.339950321511797 3.844376 0.01176905074782153 0.0004632241850419023 2.2843414865517565e-05 363.36742245832556 0.3296149294512204 7.529530579322531e-06 0.2473031560276228 0.0013514583397082297 -5.403186882081707 268.1862532663223 0.004392152693939292 0.08664319339235646 2.6835020188587957
20221121062741 GCJR 39.264529639476194 3.844376 0.005435063936516075 6.0232568476839064e-05 1.6609021266062561e-06 1123.1335430543108 0.18748398217950027 3.113925447065414e-07 0.06963163519102131 1.185804963014153e-05 -6.623711912341009 73.22297868549683 0.0002158892022023066 0.007367504744082545 0.7323756313845218
20221121062741 KCJR 5.81130218857986 3.844376 0.17572666869504705 0.0022243477306955416 6.207479553383799e-05 1795.8096916328327 0.14826877958115103 9.203754176551643e-06 0.07953254382701676 0.011548203750519327 -3.703664579156571 1181.8186138326587 0.004668496119602191 0.17810695697345091 11.82303916352087
20221121062741 CCJM 18.454905058405522 3.563474 0.023984081533329125 0.00047282691730629015 1.4822568070285493e-05 855.0701506058958 0.21487158892014413 3.1849487531392386e-06 0.12386795531567424 0.0006745972689581927 -5.191595443876839 304.2626614558729 0.0017491139691017585 0.05096143655244924 3.042755850969239
20221121062741 DSJR 19.339950321511797 3.563474 0.01176905074782153 0.0004632241850419023 2.2843414865517565e-05 363.36742245832556 0.3296149294512204 7.529530579322531e-06 0.2473031560276228 0.0013514583397082297 -5.403186882081707 268.1862532663223 0.004392152693939292 0.08664319339235646 2.6835020188587957
20221121062741 GCJR 39.264529639476194 3.563474 0.005435063936516075 6.0232568476839064e-05 1.6609021266062561e-06 1123.1335430543108 0.18748398217950027 3.113925447065414e-07 0.06963163519102131 1.185804963014153e-05 -6.623711912341009 73.22297868549683 0.0002158892022023066 0.007367504744082545 0.7323756313845218
20221121062741 KCJR 5.81130218857986 3.563474 0.17572666869504705 0.0022243477306955416 6.207479553383799e-05 1795.8096916328327 0.14826877958115103 9.203754176551643e-06 0.07953254382701676 0.011548203750519327 -3.703664579156571 1181.8186138326587 0.004668496119602191 0.17810695697345091 11.82303916352087
20221121092305 CCJM 22.123486880173633 3.524292 0.018293034874884245 0.0004713287786128742 2.323488550993192e-05 438.86309569443887 0.2999268437125489 6.968765875016318e-06 0.16188926970763515 0.000822494801295937 -5.229980634248155 286.9726246645157 0.002547834431213938 0.057328673744519276 2.8712819955693916
20221121092305 DSJR 15.375986891612131 3.524292 0.026375437074700966 0.0009068634509978032 4.483045870596148e-05 419.611849601848 0.30672981762507084 1.3750838422927834e-05 0.21603399764673561 0.00652202458233274 -4.7483263499412995 494.2745339185812 0.008626713369404286 0.18317089447532442 4.944763970988319
20221121092305 ESJR 74.627753420521 3.524292 0.0010253007185872646 1.4330218681028155e-05 3.2944477604433564e-07 939.1810844294578 0.20502423486400517 6.754416313843346e-08 0.0878175717943215 1.6548097215701773e-06 -8.137108917992084 18.761467851391934 0.00010806146651771887 0.003066601994081375 0.1876327038831882
20221121092453 CCJM 20.885722684584366 3.259332 0.01447570566600544 0.00038679173117601426 1.2908876456125508e-05 671.760144764273 0.24242240279688368 3.1294008479020662e-06 0.16788709154061737 0.00033026242832541984 -5.399123082176557 146.79763335233005 0.0013778721984169515 0.034720121131778706 1.4686640512404072
20221121141427 LSJR 77.4024051422023 3.110678 0.00119019392474956 1.1543713488970299e-05 2.221149626473664e-07 1018.1288300452012 0.19691486437291597 4.373773774490145e-08 0.06094073367031426 5.055649737050799e-07 -7.929739630401706 23.291320571000085 5.508908309438023e-05 0.0016792851932053952 0.2330909395077524
20221121141427 MLJR 28.068647098821568 3.110678 0.003510737634910041 3.382769607728463e-05 5.534069050817e-07 2610.127070074194 0.12298412142084508 6.806026200970188e-08 0.060541602669200195 3.099941913375531e-06 -7.312372346728567 32.547894211321236 8.30291128376765e-05 0.003828159330991997 0.3256183467429079
20221121141427 SADLY 51.40463909328134 3.110678 0.000829544904386124 1.169475746069934e-05 3.1654168307820906e-07 1434.973338677908 0.16586622185985747 5.2503573033342914e-08 0.08857908457947977 2.053703073001245e-07 -8.315067113061602 13.446470406739056 2.5476363914097666e-05 0.000932507478381251 0.13447096562655753
20221121220608 KCJR 25.6299742125701 2.830848 0.0012726454933882035 6.7605155226431395e-06 2.1851639980982468e-07 311.01842669324554 0.3562761973394786 7.785219198055749e-08 0.03337737965640497 1.7619116645071172e-07 -8.475466494236365 11.995275895015919 6.292382946575274e-05 0.0009387317908388842 0.1199795361745391
20221122003645 DSJR 17.51827981046348 3.400518 0.011117138493614889 0.0003363066893291122 2.0681897978498428e-05 263.9020115793645 0.3867751097641218 7.9992433607641e-06 0.19007384412027703 0.0009281549426147246 -5.685311567258499 207.637424460326 0.004116108529703097 0.07018329879737603 2.076499409792657
20221122003645 GCJR 41.52244331341597 3.400518 0.003023996721761051 5.716160368021892e-05 2.215536614728114e-06 549.1401283699561 0.26812559785845597 5.940420794012752e-07 0.11876896089001575 9.628417772726457e-06 -7.021614177088769 40.55080671943422 0.0002571276698498478 0.006022393317726418 0.40555907959347237
20221122003645 JPJI 50.17120776770443 3.400518 0.002981854458884946 4.107410557137959e-05 8.013623272120777e-07 664.827211057598 0.2436831360102213 1.9527848497548819e-07 0.08654889773800098 2.4148432056240592e-06 -7.126998951410832 29.286595520434133 0.00015588635266693574 0.003370053648186002 0.29318200093477353
20221122145404 CBJM 112.12527465598268 4.202615 0.012419605144674467 0.0001148904119627787 3.1260062140539366e-06 2137.654366809051 0.1358973929109324 4.2481609471330405e-07 0.058124049836631275 5.8959461327059957e-05 -6.230935330371696 145.0790117445209 0.0003680048062877228 0.017143790975344887 1.452074951512101
20221122145404 CIJI 142.22016192458005 4.202615 0.0008705398070863808 1.8074588043799862e-05 5.813513723528568e-07 592.6524883489752 0.2580951313939893 1.5004395883348658e-07 0.13045467318745865 2.2467123226009542e-06 -8.020637855985838 20.733077020048412 0.00014828235776928605 0.0035583822827704795 0.20742926094438102
20221122145404 CSJR 104.6560566768733 4.202615 0.0038967274729623403 8.632591599504117e-05 3.3747024099002675e-06 444.5625265394551 0.2979980638377854 1.005654784178988e-06 0.139194165045502 2.7408218043098312e-05 -6.799913507235086 56.28876206706851 0.0005848995997174787 0.012307491665060304 0.5634097155288079
20221122145404 JSJR 83.8917075701279 4.202615 0.011204341838349337 0.0001834795803291305 4.000054894925395e-06 2363.0335821181698 0.12925427664786798 5.170242019953455e-07 0.10289191635921287 8.239771512428702e-05 -5.9233771438411225 153.1915965148994 0.0004241665756086621 0.02053639869383503 1.5334166076266569
20221124021128 NBSR 203.80080089360007 5.113411 0.0008987637575813968 2.3510207587841848e-05 1.3228082223817635e-06 188.22070617806122 0.45797963760210436 6.058192303034839e-07 0.1643579746497418 2.6095049082575147e-06 -7.889657554233321 14.255283268608746 0.0002677334578179134 0.003538211519365574 0.14262725334834486
20221124205100 CSJR 30.303541138939963 3.356693 0.006198971161513914 0.00013010733174176675 6.426158802474427e-06 347.2048763125105 0.3371995298020901 2.1668977266279394e-06 0.1318748634017781 9.23240196294285e-05 -6.480650195016805 95.4318863711346 0.001038008890232026 0.02122551120505612 0.9543639906971767
20221124205100 KCJR 7.018013078024124 3.356693 0.035468658277295895 0.0005795763973071764 1.6013684362680353e-05 1175.028513309143 0.18329713029248734 2.935262389088988e-06 0.10267052887871914 0.0009498295792717167 -4.80874213314819 478.9376782786885 0.0019876578316984405 0.06209399767347069 4.7911797563185505
20221124205100 LCJR 9.919081452858725 3.356693 0.018958852397534386 0.00022029720663336986 7.59488368725529e-06 496.3727283457004 0.2820174050065999 2.141889388806694e-06 0.07300906947888401 0.00029180139021992566 -5.704898034943767 231.9858564988263 0.0017904518805009167 0.04067216556988804 2.3224069202949993
20221124205100 PBJI 51.32393246872766 3.356693 0.000988240381175932 9.771571450129856e-06 4.0358633954095403e-07 367.13781212554557 0.3279180408385569 1.3234324177147426e-07 0.062127186191738175 6.582445969388321e-07 -8.239025507594222 18.374112416569975 0.00010625194596595278 0.002005104209018566 0.18386923089471413
20221124205100 SCJM 16.5487164105363 3.356693 0.005824907787886973 7.958435718950611e-05 4.5539673980022536e-06 250.26680218137216 0.39717165461809006 1.8087067665413933e-06 0.08584569610085298 5.754087149725976e-05 -6.525962709361177 86.1902225889254 0.0011822989696670643 0.018256215746435846 0.8623273405323271
20221124205100 SSJM 12.66979000240522 3.356693 0.0075501023914726385 0.00013135670240267916 7.286124871623002e-06 448.2999399276839 0.29675328009117685 2.1621814548080306e-06 0.10931487544701946 0.00018818126723697356 -6.283621969134228 159.5596463934432 0.001535830519017573 0.03309662046693092 1.5968761039432224
20221124205100 WSJM 40.593438669547204 3.356693 0.0017948686806586102 4.715294457034009e-05 2.0709186822764256e-06 442.375559240694 0.2987337606078002 6.186533258693868e-07 0.16506538428532863 1.6055979227721256e-05 -7.248283017387482 47.5427523617195 0.00042888205721954025 0.00950778971045866 0.47562121539555635
20221124210545 CSJR 28.832391531131947 3.143095 0.00571139739190379 9.574900309635951e-05 2.8330996244536064e-06 634.5315791980846 0.24943261968324645 7.066674611510848e-07 0.10533476978592861 3.639300669511857e-05 -6.511549769452966 55.55385205590761 0.0005279073997933422 0.013575299306647349 0.555785914489008
20221124210545 RSJR 79.6901371508847 3.143095 0.0005647217521532091 7.424579958250852e-06 2.706841898260234e-07 349.2629584463935 0.33620456356687894 9.100525990491242e-08 0.08260707424106026 2.786669311305757e-07 -8.611726974977149 8.335666978888414 7.247269031153799e-05 0.0012880167277919657 0.08343256460356235
20221124210545 SSJM 10.950372332605756 3.143095 0.010884258649887346 0.0002523473319527588 8.739210211121163e-06 629.0831455205847 0.2505104479380371 2.1892634646126305e-06 0.14567322400482963 0.0004769784666176512 -5.7175565283782035 236.94157553381558 0.0020959783480384237 0.05185017772842244 2.3696964254629913
20221124210545 WSJM 38.86909538198091 3.143095 0.002397870844754615 4.3668592521718684e-05 1.479663584409957e-06 496.01297837715373 0.28211965773750425 4.174421840003858e-07 0.11442562034476611 1.125532052933741e-05 -7.335717428765229 36.8715394275028 0.0003652310434984111 0.007965247865024876 0.36910120892304527
20221127155133 KBSR 101.43643018137297 3.688238 0.0010309892893570836 2.472633459274021e-05 8.80097789138743e-07 501.1155163194313 0.2806796609403893 2.4702554904984864e-07 0.1506903551931106 3.3201739700509103e-06 -7.829402949259701 19.419660101606677 0.00021204060436082442 0.004733434075426101 0.1944245812605978
20221127155133 MNAI 96.17572338164497 3.688238 0.0015181526770758698 1.907188447667479e-05 4.647469742682316e-07 1601.9562206727142 0.15698369488569852 7.295769720757565e-08 0.07893289399250643 5.385365167856222e-07 -7.876608625081026 6.942283526224786 4.551306740209115e-05 0.0017516680060721452 0.1389244417307427
20221128090509 CCJM 20.51035167993363 3.348421 0.02700459089705652 0.0004574973610823459 1.258493901169277e-05 762.2967563007452 0.22757147923295706 2.8639731869474724e-06 0.10644637084797876 0.00041115732469246263 -5.078070898521133 219.8944991353574 0.0014595558571597255 0.03961858646156584 2.1997489796594833
20221128090509 DSJR 17.35552169284273 3.348421 0.012349716634717461 0.0004742895615202352 2.0895457592163646e-05 416.3827388684767 0.30791688851431415 6.434064285861832e-06 0.24130506734989293 0.0010817383270001217 -5.355076051609293 221.59841632282942 0.0036468985141158805 0.07380058117455499 2.2164470530093103
20221128090509 KCJR 7.930293173656488 3.348421 0.09558099177914231 0.0007828488283553697 1.9731194787493892e-05 959.2484771305336 0.20286835570406328 4.00283504261547e-06 0.05146195037849137 0.002569024399866074 -4.5180671368264 784.6119702944973 0.00379206336062327 0.10734582983834753 7.846446077394238
20221128090509 SCJM 15.532777005077977 3.348421 0.007111908487203114 0.00019156703081992275 1.344535933794601e-05 253.95382485404582 0.39427794947517153 5.301208709722203e-06 0.16924446589175884 0.00029977011672305926 -6.043959676736597 132.46207032678507 0.0023897872861908345 0.038130079438968616 1.3247497507670376
20221128090509 SSJM 14.095446375296671 3.348421 0.01203917946528689 0.00013755447281682933 7.510035596203613e-06 542.1778536826913 0.26984164850316833 2.0265203855970576e-06 0.07178896577059543 0.00017188164506904622 -6.076004063640755 162.3795715761762 0.0013211829547495194 0.031161752119396195 1.6243494207048652
20221130091623 KCJR 154.95518467687123 4.167568 0.0010339654986512424 1.9409324613341856e-05 5.971463562641419e-07 634.3647859220159 0.2494654091368606 1.4896736008001967e-07 0.11794627905080932 3.1448279509579637e-06 -7.904153752933149 21.176754171183276 0.00017376935944288935 0.004252659611415112 0.21181756128320722
20221130132035 JPSI 71.68690426161815 3.138308 0.002188837581416648 1.9875965312179812e-05 2.3732670950822723e-07 3975.243711958986 0.09965474649593706 2.365073307275728e-08 0.05705511193510864 1.5520159326198158e-06 -7.582987018604167 34.830297931081475 5.0449850380964015e-05 0.002955652074745338 0.34864012869512784
20221201025302 MNAI 24.830140079904893 3.087645 0.002079653415771301 1.8528523768609667e-05 3.78396002074955e-07 3005.5119559097484 0.11460950541789905 4.336777864992089e-08 0.05597959132218139 4.022941240074769e-07 -7.414168217309824 7.457495576253728 2.9178954761621222e-05 0.001492528420871833 0.14928482787720407
20221201082946 NBSR 221.10361937302756 5.141298 0.0010239175366924098 1.823209956761997e-05 9.596547182217182e-07 214.81971244536757 0.42868945710843603 4.1139386016601756e-07 0.11187977158039263 2.075733978840038e-06 -8.022400335956165 13.347879224647256 0.0002356793782705483 0.003371099836810724 0.13352453392361946
20221203112635 CSJR 30.9232598530341 3.120408 0.0023469915124418525 5.3339323655582965e-05 3.774186629215701e-06 185.88675965095754 0.46084580644005085 1.7393180807961669e-06 0.14279593808116026 2.1181552743879218e-05 -7.036786630286235 47.62448346252421 0.0006588036952030849 0.010222214870636053 0.47663733060213703
20221203112635 SCJM 16.42112819371594 3.120408 0.004784084342760019 7.053185971056204e-05 4.890845707099895e-06 212.4468084512005 0.4310769116387634 2.108330662718327e-06 0.09263313789442641 5.020077858321127e-05 -6.821829199468531 68.75127490535306 0.001118321280672367 0.016844909354967977 0.6879593006582903
20221203112635 SSJM 13.13471382449239 3.120408 0.012954523707428918 0.00015465276806823553 6.2527893658055495e-06 498.31257524354186 0.28146794662678204 1.7599597834830667e-06 0.07500947329184712 0.00015986471536987452 -5.965329286099702 161.4612901891498 0.001225140100289255 0.02871200168143591 1.614687539588939
20221203212959 IMSR 33.54160564799685 3.031819 0.004375791339956641 5.518531192845474e-05 1.13300955885789e-06 1172.0047361813408 0.18353343165794936 2.079451324384479e-07 0.07924041942192447 8.68053512307706e-06 -6.861757985913412 46.54478189641544 0.00017664324577708134 0.0059689538893409 0.46602606804967844
20221203220102 CBJR 43.01618346668603 4.213885 0.044262848941017605 0.0015149457740025254 6.204016603356101e-05 503.28857828028544 0.28007305657049736 1.7375778931160582e-05 0.21504908193032454 0.00622331922098872 -4.33910640326729 374.09331374861034 0.0053196909319290905 0.11615516944153076 3.7536825977328565
20221203220102 CLJO 78.5007162046404 4.213885 0.0016726684953905623 3.421667501329626e-05 1.8514625332549702e-06 183.95602954460534 0.4632579219362419 8.577046856985076e-07 0.12853097329000782 8.79233787246458e-06 -7.467760903156378 39.4470350479235 0.0005546512021435595 0.0072707819866591385 0.3951415877159376
20221203220102 CSJR 30.32108610001697 4.213885 0.02434033211639364 0.001128367685555133 7.350333469296252e-05 213.5186536491496 0.4299935659223731 3.160596099181263e-05 0.291275535151847 0.00783167346403465 -4.698011257309772 411.97735427997594 0.011160958714711122 0.16049605616026702 4.123730654537841
20221203220102 JABI 67.9962971018174 4.213885 0.006512753492613785 0.00010684241352480745 3.4617436119752896e-06 574.458625003086 0.262150379749754 9.074974024756073e-07 0.10307632303357091 4.3610042992710274e-05 -6.30279960654441 93.19405893010713 0.0006384820186724202 0.015196493026227845 0.9345947108053889
20221203220102 JAKO 76.97774639882545 4.213885 0.002850144159678541 5.7136139325085726e-05 2.0562744463549127e-06 492.38518200779913 0.2831570512604026 5.82248608811974e-07 0.1259574712729038 2.3082242715867407e-05 -6.991380788840033 57.86594195238078 0.0005493494125130077 0.011979370688345122 0.5791448481638906
20221203220102 JPJI 51.73479899722099 4.213885 0.0038761694922491803 9.550642563638501e-05 6.524896333577475e-06 205.1549976011518 0.43867089215243416 2.8622820958525777e-06 0.15481381077367953 6.924518497564703e-05 -6.536786317912392 64.70644282842264 0.0013572716780166105 0.019545361267432275 0.6476990246233048
20221203220102 JTJM 37.9617233421466 4.213885 0.0054234433923810044 0.00017111639304892015 1.0103355199369549e-05 249.8656531330973 0.3974903481501675 4.015986175682207e-06 0.19824232112995768 0.00018645946178912743 -6.289548958432485 84.54615488192853 0.0019443470433861936 0.031013754046086507 0.8466868920930799
20221203220102 RSJR 81.22143720197388 4.213885 0.0021583560582138644 4.586350079888652e-05 2.3948582638743587e-06 317.3367600462504 0.35271154613543537 8.446941610263495e-07 0.1335131306341807 1.7223581615244577e-05 -7.192982297931783 48.906295937054466 0.0005564856807181624 0.010008206484078415 0.4891789930607318
20221206192630 SSSR 214.3173946658293 3.628599 0.00016032359822518207 2.8306924417139394e-06 1.6439428028548924e-07 195.19640921064638 0.4497218165683043 7.393169436342919e-08 0.1109366640707526 6.857880260500534e-08 -9.634565483423192 2.7365169308014305 4.899046237827494e-05 0.0006571980761427899 0.027370630184239686
20221207054417 MBSR 151.23967640019177 4.576424 0.0011231191718603884 5.066524756908393e-05 2.6577318390591982e-06 163.7861686309903 0.49095451290456255 1.3048254404762559e-06 0.28344199537024395 9.654539361987559e-06 -7.310353422846918 19.185209377707505 0.0005653581655849277 0.006881759003014348 0.19203593926729162
20221207054417 MNAI 162.4980583402733 4.576424 0.0009896243087485837 2.645264029081238e-05 1.4545896603819307e-06 281.6162932119001 0.3744130517270122 5.446173537541569e-07 0.16794943226638573 1.1520165768418319e-06 -7.78799684270078 5.228753236075458 0.00014332475597791431 0.002540456555253737 0.10468016960102111
20221208122138 KCJR 156.98421977442126 3.251779 0.00040308644915517994 6.174170910887313e-06 1.9932791383107132e-07 455.71319514866076 0.2943296855771633 5.8668122204651126e-08 0.09624104217000876 1.980028672466342e-07 -8.786640340006462 7.4688958296593135 5.4456663320646676e-05 0.0009999082276339153 0.07471367428174423
20221208122138 MGJR 77.83407148181378 3.251779 0.002290389288851916 2.59570993510159e-05 4.118274823103921e-07 2047.0568052153894 0.13887207387316092 5.719133654640664e-08 0.0712076615329686 3.6317420570084456e-06 -7.43473528874625 41.24820833707243 0.00010119817102895522 0.004444684883991829 0.4128935357983258
20221208122138 PGJR 51.899300380100684 3.251779 0.003387864444670964 5.5091180767395544e-05 1.0762369409473421e-06 1667.2619353990626 0.15387850235434633 1.6560972865140008e-07 0.10217294794582399 8.740123698400162e-06 -6.958893245563324 55.22144891599872 0.00014991167662130293 0.006123664162509136 0.5527940969791811
20221210021006 ESJR 58.557297898330134 3.201997 0.0022328827918180884 3.681659996065533e-05 8.262558207500699e-07 1901.1905309998215 0.14410101739161554 1.1906430439582939e-07 0.10359949065877527 5.019412286883436e-06 -7.29741122440226 32.303074582591876 0.00011601504878508163 0.005071957945392248 0.3230760105073395
20221212041702 CCJM 83.5828824881992 3.609025 0.007126072015078344 9.893769404798761e-05 2.973271762523117e-06 1373.60022682077 0.16953122159107054 5.040623940227794e-07 0.08723513658761567 4.80447145004897e-05 -6.463757333671128 112.71665371555001 0.00043677877050598033 0.015643612375817965 1.1286570019979534
20221212155301 MNAI 149.61611388500737 3.471597 0.0008940288440576407 8.354416314438721e-06 2.2472982195913084e-07 343.5550265678734 0.3389859628763152 7.618025508383885e-08 0.058714376147754876 4.883840523326833e-08 -8.30094610559485 2.9639286660916704 2.9614701667195312e-05 0.0004975584135743605 0.05942570048364341
20221212161943 ISSR 64.23321861007112 3.461282 0.004074083049694093 4.2109863406452805e-05 1.0721479527553274e-06 1167.4428322786193 0.18389166999189616 1.9715907751056974e-07 0.06494322079728596 7.095618583106299e-06 -7.068928788931245 68.077929933673 0.00018601425389878782 0.006109863952728084 0.6814807162247439
20221212161943 KBSR 119.34895417633581 3.461282 0.0007048744002344331 2.857606633576622e-05 2.1301610270266503e-06 239.267947640054 0.4061978367290747 8.652668010628095e-07 0.2547244162621875 9.397844704204251e-06 -7.7830152560215184 16.73926954586406 0.0004979716629123655 0.007518031732876839 0.16747742066444463
20221212161943 KSI 99.24862942937884 3.461282 0.0008624608194839933 1.1902483744624231e-05 2.1909998724541536e-07 1508.2830510104686 0.16178507067232914 3.544710692080594e-08 0.08671177784970069 7.345322946611987e-07 -8.190801337523043 14.317878821396608 5.5797840295254034e-05 0.002036497641187231 0.1433093633668247
20221213092850 BBJN 105.16387898466152 3.975539 0.0024542015954758293 4.9670429524376004e-05 2.2790050918242495e-06 308.38934670959134 0.35779163675252595 8.154089619711389e-07 0.12716498659448944 1.305387493454019e-05 -7.034731545010542 56.543794230771454 0.000527966745599981 0.008894915196943062 0.5654809280533764
20221213092850 CCJM 145.91274673681383 3.975539 0.0037591258540818065 8.259207167161759e-05 3.0317711889238135e-06 902.2686387005263 0.20917604013446892 6.341738918928542e-07 0.1380483951217393 4.212385780955947e-05 -6.716132079033944 84.64089044519747 0.0004765082521831956 0.015065780394462068 0.8469099062919856
20221213092850 MBJI 201.91957525547315 3.975539 0.00013770927002603836 3.678259604430901e-06 1.7046823253911652e-07 341.4684275983502 0.3400201001962131 5.796262550822175e-08 0.16782593283794564 1.111189299275608e-07 -9.43467425866899 3.2974370348388544 4.592256082409913e-05 0.0008315508924745116 0.03299833057560741
20221213092850 MGJR 78.80700283776682 3.975539 0.005278792752072742 7.48100398871737e-05 1.9265828986431275e-06 1409.544385883833 0.16735569291648844 3.2242461596347744e-07 0.08904409881673099 3.6197932592336315e-05 -6.562188696613423 128.3727126973428 0.0003704584875497398 0.014477912960804123 1.2841457941910657
20221213092850 PGJR 52.830126365049274 3.975539 0.016515266702364206 0.0003290882841789747 9.832489488567687e-06 685.3959617993532 0.2399988151731833 2.359785827459024e-06 0.12520068305177742 0.00023382187093486703 -5.4449663351810536 190.6558795423215 0.0010743029608538306 0.028714697734707077 1.9089044869068168
20221215224711 CPJR 64.13435447115015 4.101055 0.010638863827159992 0.00026000727902665495 1.0207132124392618e-05 540.2202958279543 0.2703301093956384 2.7592951438027914e-06 0.15355717883797043 0.00012758865827968 -5.693995011124397 136.8007993367663 0.0010655457259988255 0.02338094260652159 1.3724522779216533
20221215224711 ESJR 134.44467535302027 4.101055 0.0011402083065195868 2.1888950622224877e-05 7.296451176505351e-07 1056.8061728904365 0.19327789973273632 1.4102427588974072e-07 0.12062035695823993 4.042375789512421e-06 -7.844980430786642 26.00362185514581 0.00014931595706536084 0.0048151185448184865 0.26015001237392277
20221215224711 KTSR 178.9511443321475 4.101055 0.0003873912811359375 9.375720036081236e-06 3.936864013191302e-07 426.78431778228395 0.3041414708734368 1.1973636116007037e-07 0.15206688752053582 6.888650778662269e-07 -8.599496645197336 7.476299530866174 9.681680500402831e-05 0.0019937098027257715 0.07478762031141982
20221215224711 MLJR 77.9059832940775 4.101055 0.005048494739216003 6.232660660226294e-05 1.5177059890842848e-06 1176.5936268195442 0.18317517812703865 2.7800606489498724e-07 0.07756958045488922 3.5078679037440336e-05 -6.873258552366478 112.31185521574795 0.00042578213066598496 0.014592101826610606 1.1241771757370727
20221215224711 SADLY 91.56164716986362 4.101055 0.00243602480290366 4.123710651275933e-05 1.7343495898125954e-06 404.67295787585226 0.3123401226227787 5.41706963552832e-07 0.1063619637381073 1.3023471974237949e-05 -7.145211682360024 45.31400434481252 0.00041642885324580825 0.008526481158465254 0.4532382956763886
20221217195544 KBSR 201.15079938641617 4.119635 0.0008273388936906829 2.5709042771552255e-05 1.1910743464778314e-06 387.605449178676 0.31914271208432304 3.801226972289978e-07 0.19524608480966885 7.041925461349655e-06 -7.796239513229454 21.138443927566833 0.00034124455510110667 0.006707796045290019 0.21158576079331856
20221217195544 MKSM 19.18264535039593 4.119635 0.003295123496953732 7.681363311520887e-05 2.318253410121688e-06 1096.806293280323 0.18972078000471382 4.3982084521687434e-07 0.14646925719984344 5.3188481121443114e-05 -6.676361019579927 77.85696970744027 0.0005362642938403801 0.01766279564272747 0.7789738714183457
20221217195544 NBSR 211.90117392557687 4.119635 0.00048511296557116594 7.223074092533964e-06 2.4839217778882286e-07 920.254674366589 0.20712181937049357 5.144743978102009e-08 0.09355328806238868 4.702571137683386e-07 -8.695635689133855 10.155422790110112 5.6183733009906476e-05 0.0016619310512447222 0.10159908764927741
20221217195544 PKSI 59.814894179461135 4.119635 0.003444323379068223 8.475613951485053e-05 4.313889486987817e-06 185.01992327836717 0.4619240986983959 1.992689513161333e-06 0.1546133948192278 2.0262144833125707e-05 -6.746760846933282 38.880506170563216 0.0007145725888486255 0.009636492910461612 0.38886994402049546
20221217195544 PPSM 123.21102134433508 4.119635 0.0024193409138723383 2.427198135930604e-05 9.458198281407908e-07 462.73592567888284 0.2920876934332336 2.7626233200506097e-07 0.06303591022599296 3.787080476164584e-06 -7.465592574611502 53.206102975084946 0.00022417309026616836 0.004973521408027015 0.5322028841141904
20221220235046 ABSM 88.87186164458355 3.071785 0.003250620613593557 5.1654064023402537e-05 9.119322816532839e-07 3178.34050652566 0.11144989327840792 1.0163475546739352e-07 0.09984310527372327 7.266732064480292e-06 -7.102427034373933 49.9326027309996 9.409300610867198e-05 0.0053014771071968215 0.49936639017678097
20221223041357 KTSR 94.93147847848685 2.954035 0.00044789415494183335 7.365986470915034e-06 3.412514198922275e-07 550.9672392357282 0.26768065124523394 9.134640231511224e-08 0.10333213205907417 3.7778161887005915e-07 -8.82459589883941 7.694532242305354 6.346788047704397e-05 0.0014675777627752942 0.07703528849184911
20221223150059 KCJR 151.72476707146603 3.353575 0.00025234805413400186 2.7493598400845007e-06 1.1894687422407284e-07 341.6141228314533 0.3399475847649322 4.0435702607811735e-08 0.06845599586908374 6.976376441450193e-08 -9.35017228762842 4.71116735901677 3.70134582483956e-05 0.0006594589097736408 0.04713840825388392
20221223150059 PGJR 46.671269250195145 3.353575 0.004155709770004324 7.348385924633524e-05 1.695099763470451e-06 1226.8763833421472 0.1793822491558873 3.0407080811494207e-07 0.11110321227532353 1.1338936253216065e-05 -6.714164382142737 43.794595340046165 0.00017524053996402787 0.005879979321202515 0.43839484225795267
20221224141258 CLJR 131.18247744937707 3.075964 0.0002688851844283626 4.093310367285876e-06 1.456397792773808e-07 500.0710018051783 0.28097264038513325 4.09207933286737e-08 0.09565059381064056 1.489411649934526e-07 -9.15974755949846 5.375167814599938 4.4127649371315746e-05 0.000963421529184246 0.05378628313422629
20221224141258 ESJR 69.17048620269381 3.075964 0.0016325465714543297 2.5385384391479596e-05 8.055431699969125e-07 1148.226800919217 0.1854240354582473 1.4936706531665643e-07 0.09770078049507737 2.0401862294648223e-06 -7.698039231473869 19.584814968042558 8.702165428129693e-05 0.0031101328300182597 0.19608182940172703
20221230035121 MGJR 17.162680692372046 3.080949 0.010281469428242476 0.0001341501361405035 2.5865962770762176e-06 1994.7328234028253 0.14068166554304923 3.6388667234653273e-07 0.08198148817510391 6.64091591495538e-05 -6.109075434264469 106.93257141295162 0.00039967372001306525 0.016382010224763772 1.069695915608635
20221230164214 MBSM 69.78513697477818 3.108787 0.0027927731138934395 2.3722873757956444e-05 5.35580551971089e-07 2326.6021639868427 0.1302623187174968 6.976596455975086e-08 0.0533717583782767 1.940443335590812e-06 -7.502338001896141 50.82299822061052 6.323086801266129e-05 0.0031817260244252727 0.5087690264583372
20221230164214 MNAI 172.33008408876873 3.108787 0.00025565515899667003 1.7697492430869644e-06 1.6760413930680912e-07 69.11969487576215 0.7557514031989029 1.266670634630654e-07 0.04349477039773348 8.01233062211058e-09 -9.527271599314343 2.4511162717077415 2.7297796340697333e-05 0.00023091858559518295 0.04912049745903669
