20221119003108 KBSR 22.46689209204728 3.29993 0.0042932664794905085 4.349969960066476e-05 1.1521835267927277e-06 606.048483961786 0.25522674616178687 2.9406805252451987e-07 0.06366170716476412 5.7888963910652375e-06 -7.0720660368163415 24.149407509781014 0.0001816924235470384 0.004363666990385439 0.241704833797656
20221119003108 NBSR 33.76286929173567 3.29993 0.0104751022843773 7.425391600035824e-05 6.781061269711216e-07 9260.67400032013 0.0652917892702884 4.4274762345089906e-08 0.044539050917891114 3.881934283643702e-06 -6.399241084215382 35.37238061731633 3.0446822764701787e-05 0.002535184261300738 0.3539753563795083
20221119093725 KSI 3.318068046865048 3.400602 0.08563521197645736 0.0023176957975147424 0.00016081626696314968 281.41037631647947 0.37455001162811 6.023373466103696e-05 0.17005285378939677 0.02677209051325527 -3.907155077043547 813.9944475644403 0.01436597391251105 0.25521528871736543 8.141440090052674
20221119093725 MNAI 88.76690063149225 3.400602 0.0007107800896430192 8.653774853190403e-06 3.019352515118363e-07 399.77288120951687 0.31424849269849714 9.488269768013619e-08 0.07649802210486009 8.731827870548749e-08 -8.367126403689701 1.8140567044569371 2.6135059886850266e-05 0.0004856475583685945 0.03644134388050252
20221119113145 MGJR 86.16318309020868 3.386871 0.005364157941053599 6.158436750778871e-05 1.4698809419921787e-06 1413.2209481704926 0.16713785920470528 2.456727539303683e-07 0.07213545859928279 1.1180088951617466e-05 -6.786805755815746 32.80052138816697 0.00013681737114798823 0.004830704903606875 0.3280822735350883
20221119182830 ACJM 164.7383183184774 5.071355 0.02311243916901898 0.000869857631224594 6.718019374338187e-05 104.29212662638835 0.6152535195001906 4.133285064132038e-05 0.23647338335343654 0.002515824507328163 -4.782256755396004 135.23704681081088 0.007471295516481548 0.06985664942057046 1.3537221943749667
20221119182830 BALE 144.24026706925704 5.071355 0.007298026954205868 0.0005233218312432023 4.191669758106825e-05 68.29275400088801 0.7603132430695636 3.186982027662813e-05 0.45055027360492944 0.0008615021685281111 -5.487766388484791 52.62415416287212 0.004986329604620772 0.03826004371996773 0.5271555474545463
20221119182830 BBJN 108.25305748751677 5.071355 0.027962653255458998 0.0010050479057782137 8.416125096436623e-05 135.63266393941348 0.5395077932361189 4.5405650783776406e-05 0.22583344208813452 0.005896209271458237 -4.709529028774323 239.66913101929788 0.010262739223158839 0.12528135340213317 2.401798361652406
20221119182830 BBJR 213.36352646348604 5.071355 0.003093863429636724 8.330493542921602e-05 3.6217364053496605e-06 430.9512371786392 0.30266750899071376 1.0961819360281637e-06 0.1691801717200728 2.8523693236928177e-05 -6.743617234519321 37.18702423754801 0.00042387942467148125 0.00868995414851385 0.37317478214536787
20221119182830 BTJI 171.28465491485164 5.071355 0.004303053967783601 0.0001859746240555392 9.956575750065497e-06 265.5724300342261 0.3855568066740194 3.838825551603233e-06 0.2715543504967668 0.00015145792440582163 -6.2160616218178895 45.14028510854387 0.0011557936009078617 0.01858449263517757 0.4534092317691249
20221119182830 CLJO 235.63703007690415 5.071355 0.0028811549145781592 6.30685320459931e-05 4.922155302377598e-06 229.1850663005241 0.41503689998771764 2.0428760779569053e-06 0.13753903751988578 2.079700379412879e-05 -7.003432857460983 30.303746633839598 0.00048379069760726926 0.007691292060333152 0.30324618588836205
20221119182830 CLJR 242.8654413504068 5.071355 0.006767328739779159 0.00013290689908515774 4.371319812765786e-06 956.2272477504299 0.20318858736073434 8.882022976578697e-07 0.12339856798236677 9.267810358641699e-05 -6.278390978477352 77.13592943401096 0.0005233032979078042 0.01582760516561684 0.7717416378329685
20221119182830 CSJM 151.3687292916055 5.071355 0.006685724749838946 0.00043506981303927057 3.0393515372889742e-05 89.10565249081523 0.6656213459520374 2.023057261071681e-05 0.4088747830893824 0.0005620008902426862 -5.578079252444229 61.32558945466009 0.0043611731980744296 0.03609104917360041 0.613554593865563
20221119182830 DSJR 174.64784439607973 5.071355 0.012852423877319333 0.00041622883950998566 2.9445528725211572e-05 306.85219358971136 0.3586866824624511 1.0561719011798947e-05 0.20348246788286137 0.0007907706450823181 -5.4863062849014375 105.44855454509131 0.0022390381125916804 0.03922647052749173 1.0553395614481134
20221119182830 JAUI 224.6990371655896 5.071355 0.0032337050885346374 0.00011099734747259357 6.688829572350422e-06 155.43873757269333 0.5039648399792941 3.3709349250783507e-06 0.21567115234115042 5.4398096870515336e-05 -6.560316605786055 38.90152426532867 0.0010087138663566393 0.012058854484681266 0.38960604911851326
20221119182830 JPJI 181.4783737115828 5.071355 0.003966215967260624 0.00016552013710534466 1.1404615501427693e-05 131.8113700494699 0.5472722549710201 6.241429642543784e-06 0.26221307717162773 0.00012764942083372298 -6.295002001066305 44.588750931910624 0.0015891872095595211 0.018175457142211596 0.44659816595379087
20221119182830 KBJN 201.81206159026792 5.071355 0.004205162171354073 0.00015424400857702168 8.431741130896675e-06 360.8088587359251 0.3307815457714869 2.789064364823027e-06 0.23046523508974634 0.00013464153099850313 -6.326168679757789 51.849885233075106 0.0009623516166270673 0.018317523892855878 0.5186267562943448
20221119182830 KKJN 140.14197971472294 5.071355 0.006579452792757144 0.0004420110778488651 3.5051788837040075e-05 80.07932759629497 0.7021334433691977 2.4611033192400955e-05 0.42210767330192966 0.0007007496034373385 -5.5660415971291926 62.66843381137175 0.004567697065295963 0.03814367016136629 0.6274141014456129
20221119182830 KKJR 252.58709882219944 5.071355 0.0022034299142897496 5.82254016272185e-05 2.735077800847521e-06 524.9152585645066 0.27424282230871844 7.500754553383471e-07 0.16603250488531843 1.947254683864484e-05 -7.113571374221927 22.99317491835679 0.00029212535364198566 0.007001434870254177 0.2299921127819002
20221119182830 LBJN 157.05055791792023 5.071355 0.014921142633559953 0.0007293703886755925 4.018427816727415e-05 111.65520375663695 0.5946211933168644 2.3894423436401372e-05 0.30713259849892405 0.0012000867556193726 -5.033854795220162 125.7610076667382 0.005347576725025256 0.04939831913992791 1.2577774687479941
20221119182830 MLJR 252.21800941357688 5.071355 0.003043764103060051 7.323244486718343e-05 3.515878957068189e-06 564.2512340158977 0.2645109221564175 9.299883851244502e-07 0.15117236619478197 2.203469680802448e-05 -6.88401896744027 33.358397858129315 0.000292148347852421 0.0072576271056276655 0.33423246437368337
20221119182830 PCJN 211.39138232951007 5.071355 0.003925871401905977 9.856349847497526e-05 7.4091905067599455e-06 116.11788355186341 0.5830829100921051 4.320172362108388e-06 0.15774656427653763 3.9609879172523174e-05 -6.495186167742325 38.76042776773156 0.0010325637594441764 0.010723186017645664 0.38780729329282476
20221119182830 SPJN 168.9893589957883 5.071355 0.004527921345400994 8.895887539515357e-05 3.8028177538630374e-06 335.8941593552095 0.34282986070852217 1.3037194808567603e-06 0.12344408309869795 3.275643986696048e-05 -6.573127973578303 43.489220088607226 0.0005266221381149251 0.009221444358494701 0.43562996392202935
20221119182830 TOJI 150.86790582281282 5.071355 0.00931869436821109 0.00036632033756103143 1.9949331493350793e-05 220.45797003327976 0.4231720411725438 8.441999328068966e-06 0.2469936744074576 0.0006722460576272732 -5.667347347130602 115.9201839469575 0.0030850114275917393 0.04324429871419298 1.161274418294407
20221119182830 TSJM 152.0208510624427 5.071355 0.016381409730718492 0.0006394664654141797 2.601983722261817e-05 594.97065844528 0.25759183569447563 6.702497634645661e-06 0.24527109485516863 0.0008261006575703319 -5.088857131162294 115.95995915527993 0.0013003614080924427 0.033193805784101256 1.1605276841629435
20221119182830 WSJM 178.48684533590264 5.071355 0.010020659122146435 0.00022899955703052164 9.671227354341207e-06 427.00175201928056 0.30406402483354583 2.9406723144412726e-06 0.14358802495385203 0.00019561323611574528 -5.784482315722157 91.53694456922489 0.0009941058630479253 0.021588490475442448 0.9175156346155697
20221119211357 MNAI 247.08806154494516 3.681018 0.0002441887863890318 2.7585314359229882e-06 1.5758572179826308e-07 158.6860827258359 0.4987816282807786 7.860086291233944e-08 0.07097936168113428 1.0233862330874018e-08 -9.403815717148772 1.0632206488572795 1.527340284687405e-05 0.00017751642705226889 0.021276105323410427
20221121062741 CCJM 18.454905058405522 3.844376 0.023984081533329125 0.0004602206366277319 1.2965805947418265e-05 1416.0454092308905 0.16697108841885414 2.16491473126808e-06 0.12056544829960904 0.00015077525045503827 -5.191595443876839 122.15057299472053 0.00039457513611526336 0.014626967408680896 1.2279754136071481
20221121062741 DSJR 19.339950321511797 3.844376 0.011070943612803688 0.00026686497082155207 1.1345196043919682e-05 589.5010399993912 0.2587840948151561 2.9359562887262445e-06 0.15145611090708547 0.0003126040794524383 -5.797154061947457 108.62049983621 0.0011736873683642801 0.02902908221132579 1.0876143736329766
20221121062741 GCJR 39.264529639476194 3.844376 0.0020700032241611523 1.6209807429108993e-05 5.806641880316501e-07 1143.0478588921046 0.185843622023793 1.0791273588330666e-07 0.04920244697302899 1.4166485271603631e-06 -7.727442771408792 25.755917831965938 5.550030414568184e-05 0.002041223077500118 0.2579781260370798
20221121062741 KCJR 5.81130218857986 3.844376 0.17572666869504705 0.0022243477306955416 6.207479553383799e-05 1949.0898543453234 0.14231934553081926 8.834444274335245e-06 0.07953254382701676 0.010237140792800544 -3.703664579156571 912.7038519401341 0.002889883746561157 0.12693721812074793 9.151783144606025
20221121062741 CCJM 18.454905058405522 3.563474 0.023984081533329125 0.0004602206366277319 1.2965805947418265e-05 1416.0454092308905 0.16697108841885414 2.16491473126808e-06 0.12056544829960904 0.00015077525045503827 -5.191595443876839 122.15057299472053 0.00039457513611526336 0.014626967408680896 1.2279754136071481
20221121062741 DSJR 19.339950321511797 3.563474 0.011070943612803688 0.00026686497082155207 1.1345196043919682e-05 589.5010399993912 0.2587840948151561 2.9359562887262445e-06 0.15145611090708547 0.0003126040794524383 -5.797154061947457 108.62049983621 0.0011736873683642801 0.02902908221132579 1.0876143736329766
20221121062741 GCJR 39.264529639476194 3.563474 0.0020700032241611523 1.6209807429108993e-05 5.806641880316501e-07 1143.0478588921046 0.185843622023793 1.0791273588330666e-07 0.04920244697302899 1.4166485271603631e-06 -7.727442771408792 25.755917831965938 5.550030414568184e-05 0.002041223077500118 0.2579781260370798
20221121062741 KCJR 5.81130218857986 3.563474 0.17572666869504705 0.0022243477306955416 6.207479553383799e-05 1949.0898543453234 0.14231934553081926 8.834444274335245e-06 0.07953254382701676 0.010237140792800544 -3.703664579156571 912.7038519401341 0.002889883746561157 0.12693721812074793 9.151783144606025
20221121092305 CCJM 22.123486880173633 3.524292 0.018293034874884245 0.0004713287786128742 2.323488550993192e-05 518.3028782916853 0.2759866392788998 6.412517965916117e-06 0.16188926970763515 0.00033623830284205616 -5.229980634248155 114.73448984830823 0.0007486447830053078 0.020161693375547098 1.1475913936745274
20221121092305 DSJR 15.375986891612131 3.524292 0.01617685516045636 0.0005880916695925988 2.653725449897724e-05 568.5277954030093 0.263514196483816 6.992943296184519e-06 0.22841824946862466 0.0010291293259871862 -5.161756130463915 147.98685533541075 0.001954755815443551 0.04923956134629272 1.4809812434771659
20221121092305 ESJR 74.627753420521 3.524292 0.0006820451851600271 8.713434001204708e-06 3.2944477604433564e-07 752.3762001916938 0.22906690280111444 7.546489449248275e-08 0.08027051826280834 4.84809502808483e-07 -8.408944151887003 7.042976213779825 4.6638682610023834e-05 0.0011712844941337468 0.07044786044436879
20221121092453 CCJM 20.885722684584366 3.259332 0.0060837785764881755 0.00012340521684856137 4.617481000871947e-06 992.385697036697 0.19945256243683643 9.209684176273179e-07 0.12745004368317653 2.5189425403808444e-05 -6.309237457774808 46.513523762308964 0.0002472531646572128 0.006868423100631991 0.4658688256510224
20221121141427 LSJR 77.4024051422023 3.110678 0.00119019392474956 1.1543713488970299e-05 2.221149626473664e-07 986.7351059590267 0.20002283503297905 4.442806453197047e-08 0.06094073367031426 2.5600134782419326e-07 -7.929739630401706 9.994785531793896 2.8129463282332447e-05 0.000793412873980695 0.10019375557107871
20221121141427 MLJR 28.068647098821568 3.110678 0.003510737634910041 3.382769607728463e-05 5.534069050817e-07 2810.212887030446 0.11852508019637922 6.559259780603852e-08 0.060541602669200195 2.4563242423308097e-06 -7.312372346728567 19.936984610176353 5.1036476448391845e-05 0.0023795260126148656 0.19941806594420403
20221121141427 SADLY 51.40463909328134 3.110678 0.000829544904386124 1.169475746069934e-05 3.1654168307820906e-07 1422.7024807152015 0.16657998704389637 5.272950946602122e-08 0.08857908457947977 1.7183462869058938e-07 -8.315067113061602 7.50638281406245 1.708848061207419e-05 0.00060460595601476 0.07511674914066055
20221121220608 KCJR 25.6299742125701 2.830848 0.0012726454933882035 6.7605155226431395e-06 2.1851639980982468e-07 442.03590933699184 0.298848508536148 6.530330017385473e-08 0.03337737965640497 1.4132554333137863e-07 -8.475466494236365 9.539483499664613 3.3142429544335595e-05 0.0006268699097530661 0.09544292993939124
20221122003645 DSJR 17.51827981046348 3.400518 0.011117138493614889 0.00023321527237739247 9.917514926459877e-06 459.91354654959594 0.2929825586997687 2.905658899097363e-06 0.13180862806136043 0.00017619754632520373 -5.739717730098635 84.11953534456995 0.0009707144040558613 0.020455752735842055 0.8414581871913043
20221122003645 GCJR 41.52244331341597 3.400518 0.0018478795059063953 1.3087497620182118e-05 4.343445097501357e-07 714.3657904925919 0.23508209040259753 1.0210661530695331e-07 0.044500289381444944 6.760332572840894e-07 -7.909556347224062 15.875269037173307 5.0104030761319226e-05 0.0013543075823131356 0.15904527946143374
20221122003645 JPJI 50.17120776770443 3.400518 0.002981854458884946 4.107410557137959e-05 8.013623272120777e-07 1048.212187389493 0.19406859688527214 1.5551926243876426e-07 0.08654889773800098 1.7866673478908178e-06 -7.126998951410832 17.926625391834918 7.507013059785142e-05 0.001987999323956567 0.17940066772410945
20221122145404 CBJM 112.12527465598268 4.202615 0.012419605144674467 0.0001148904119627787 3.1260062140539366e-06 2109.373262559947 0.13680537155887876 4.276544416090127e-07 0.058124049836631275 4.417217466071552e-05 -6.230935330371696 86.61512453396263 0.00022456364273961988 0.010222585433353748 0.8671461135486485
20221122145404 CIJI 142.22016192458005 4.202615 0.0008705398070863808 1.8074588043799862e-05 5.813513723528568e-07 563.8155472192698 0.26461310243675457 1.5383319024415436e-07 0.13045467318745865 1.2391166101094812e-06 -8.020637855985838 10.874952627299693 7.805916459487921e-05 0.00174568825681778 0.10903123738421171
20221122145404 CSJR 104.6560566768733 4.202615 0.0038967274729623403 8.632591599504117e-05 3.3747024099002675e-06 425.31715902767473 0.3046655969932796 1.0281557243869243e-06 0.139194165045502 2.007152775213362e-05 -6.799913507235086 31.980859076650987 0.0003685798554067468 0.007494450736825157 0.3201733645872107
20221122145404 JSJR 83.8917075701279 4.202615 0.011204341838349337 0.0001834795803291305 4.000054894925395e-06 2478.168798239799 0.1262160039292751 5.048709443352197e-07 0.10289191635921287 4.402377927626511e-05 -5.9233771438411225 69.07916841987658 0.00019893436410534343 0.009516240913767175 0.690964149897293
20221124021128 NBSR 203.80080089360007 5.113411 0.0008987637575813968 2.011334531968554e-05 1.3228082223817635e-06 192.21255264882214 0.45319905456325105 5.9949543575191e-07 0.1406107831172 1.531697188573376e-06 -7.889657554233321 7.8723700623671595 0.000141272296670925 0.001851070948480324 0.07875384041216352
20221124205100 CSJR 30.303541138939963 3.356693 0.006198971161513914 5.4924982946510825e-05 1.5214859995237193e-06 958.6011674954291 0.20293683907573257 3.0876555944132514e-07 0.05567114878500658 1.2369976997974669e-05 -6.73254588102134 43.719050349807496 0.0001887875960695005 0.0058434703621007954 0.43722029907816506
20221124205100 KCJR 7.018013078024124 3.356693 0.035468658277295895 0.0005795763973071764 1.6013684362680353e-05 1472.0168735399423 0.16376589922054077 2.6224954194882606e-06 0.10267052887871914 0.0008248597234887106 -4.80874213314819 366.3317848922312 0.0011320939063991047 0.04328112725004023 3.6656110179222026
20221124205100 LCJR 9.919081452858725 3.356693 0.018958852397534386 0.00022029720663336986 7.28600673213193e-06 753.5033689058338 0.2288955076297522 1.6677342095451301e-06 0.07300906947888401 0.0001932987196072268 -5.704898034943767 153.65112168829486 0.0007967433356505996 0.02253307986442004 1.537655471529753
20221124205100 PBJI 51.32393246872766 3.356693 0.000988240381175932 9.771571450129856e-06 3.593271874057291e-07 420.0022542460042 0.30658722721687537 1.1016512605036102e-07 0.062127186191738175 2.8465045678252213e-07 -8.239025507594222 9.252610219094146 4.397729407141067e-05 0.0008862917350683378 0.09262675138516348
20221124205100 SCJM 16.5487164105363 3.356693 0.005824907787886973 7.958435718950611e-05 4.5539673980022536e-06 358.74192227522406 0.3317330967470122 1.510701707424221e-06 0.08584569610085298 3.244105131502539e-05 -6.525962709361177 54.60024047578553 0.0004898396579771872 0.0090566059472767 0.5468444127252088
20221124205100 SSJM 12.66979000240522 3.356693 0.0075501023914726385 8.93577131260015e-05 3.918531372528285e-06 598.8921243071712 0.2567471121237201 1.0060716136628342e-06 0.07436337165845386 4.290417801884063e-05 -6.482951073566739 76.70040298936199 0.00047125536566458494 0.01109051727019253 0.7686702891468478
20221124205100 WSJM 40.593438669547204 3.356693 0.0016367155426054538 2.6120425889079483e-05 7.609106849335804e-07 696.9860600305113 0.23799499406009705 1.8109293394103186e-07 0.10027367119779351 3.6623830050062443e-06 -7.482166538520588 24.276721143735173 0.00012605262518357996 0.0034126238437216586 0.24283563528448504
20221124210545 CSJR 28.832391531131947 3.143095 0.00571139739190379 9.574900309635951e-05 2.381649644340942e-06 1128.9244153739637 0.18700250988045966 4.4537446114766024e-07 0.10533476978592861 1.8417488131146435e-05 -6.511549769452966 31.562770081715726 0.00018976665892948477 0.006296555331850183 0.3157771908401628
20221124210545 RSJR 79.6901371508847 3.143095 0.0005647217521532091 7.424579958250852e-06 2.0919066182139021e-07 613.249846280432 0.25372376330149327 5.307664196485313e-08 0.08260707424106026 1.6017818453009326e-07 -8.611726974977149 4.88223802649993 3.0138506465292294e-05 0.0006737131492954393 0.04885199637834877
20221124210545 SSJM 10.950372332605756 3.143095 0.010884258649887346 0.00025029250558696254 7.093944642034442e-06 815.4403103253155 0.22003095316949192 1.5608874013184485e-06 0.14448702885404552 0.00012042094676416194 -5.7175565283782035 94.09288181478452 0.0006408396601269503 0.01720338550611574 0.9445498709765721
20221124210545 WSJM 38.86909538198091 3.143095 0.002397870844754615 4.3668592521718684e-05 1.479663584409957e-06 718.2160781495597 0.2344511173257479 3.4690878063113547e-07 0.11442562034476611 7.2349452406223005e-06 -7.335717428765229 22.483568273526984 0.0001676556267153058 0.0044047149507197795 0.22500079666099
20221127155133 KBSR 101.43643018137297 3.688238 0.0010309892893570836 2.472633459274021e-05 8.80097789138743e-07 520.2323578596864 0.2754743631336821 2.424443779583569e-07 0.1506903551931106 2.0696960140853483e-06 -7.829402949259701 11.580687680205347 0.00011926504243299297 0.0026807108959427976 0.11598170857294338
20221127155133 MNAI 96.17572338164497 3.688238 0.0015181526770758698 1.907188447667479e-05 4.647469742682316e-07 1833.6851706996597 0.14672951497845185 6.819209812208067e-08 0.07893289399250643 3.5130718595908804e-07 -7.876608625081026 3.9631597368908307 2.3798844922267664e-05 0.000963360017280969 0.0794630325158291
20221128090509 CCJM 20.51035167993363 3.348421 0.02700459089705652 0.0004574973610823459 1.258493901169277e-05 760.5109781743447 0.22783850620285054 2.867333705078059e-06 0.10644637084797876 0.0001493302525036897 -5.078070898521133 93.25937681318666 0.000506848247508503 0.014606544104856688 0.9378084684298739
20221128090509 DSJR 17.35552169284273 3.348421 0.007988671924944898 0.0002198937576503419 9.101337371030438e-06 478.5125687702202 0.2872322455909891 2.614197570962262e-06 0.17294905087977647 0.000170512857089547 -5.909643970088964 68.8425420112062 0.0009341558325997522 0.021073077445091175 0.6889605860606879
20221128090509 KCJR 7.930293173656488 3.348421 0.09558099177914231 0.0007828488283553697 1.9731194787493892e-05 1193.3950498396132 0.1818811754703515 3.5887329013838616e-06 0.05146195037849137 0.001918592030473898 -4.5180671368264 610.4687687510416 0.0019432833728356901 0.06601643161022025 6.113396367497666
20221128090509 SCJM 15.532777005077977 3.348421 0.007111908487203114 0.00018626177340894375 7.060711083172276e-06 560.3404942266937 0.26543235723469344 1.8741411865595429e-06 0.16455740960082813 0.0001000367101325517 -6.043959676736597 73.90745164199612 0.0006042231492694438 0.013916901400936743 0.7402314487175887
20221128090509 SSJM 14.095446375296671 3.348421 0.01203917946528689 0.00013755447281682933 4.107245065619795e-06 796.4688380791204 0.2226360427571845 9.144207880435637e-07 0.07178896577059543 7.215732542628802e-05 -6.076004063640755 87.40574556663019 0.0004992570618143251 0.013692491103830438 0.8747393369789969
20221130091623 KCJR 154.95518467687123 4.167568 0.0010003668593049206 1.9409324613341856e-05 5.971463562641419e-07 571.5633668229382 0.2628135033253887 1.569381258877698e-07 0.1219076602733163 1.368947060723009e-06 -7.904153752933149 9.223461504513196 8.028943945360956e-05 0.0019005629638169739 0.09229591357599726
20221130132035 JPSI 71.68690426161815 3.138308 0.002188837581416648 1.9875965312179812e-05 2.3732670950822723e-07 4177.962293838601 0.09720701569745552 2.306982117659171e-08 0.05705511193510864 6.225893716490888e-07 -7.582987018604167 17.496922205212417 2.2710176310292603e-05 0.001239605097986136 0.1752683722574735
20221201025302 MNAI 24.830140079904893 3.087645 0.002079653415771301 1.8528523768609667e-05 3.78396002074955e-07 3281.9726609453805 0.10967619848347931 4.150103502892781e-08 0.05597959132218139 2.9109157906628573e-07 -7.414168217309824 4.688884849740648 1.7233766800741107e-05 0.00090965118202993 0.09385796742059047
20221201082946 NBSR 221.10361937302756 5.141298 0.0010239175366924098 1.823209956761997e-05 9.596547182217182e-07 241.55581733064574 0.4042696308199781 3.879592586501441e-07 0.11187977158039263 1.2426442938911179e-06 -8.022400335956165 8.063902709797357 0.00011568757095790818 0.0017476139285792862 0.08068091689233964
20221203112635 CSJR 30.9232598530341 3.120408 0.0023469915124418525 2.9771467199387633e-05 8.291260040999715e-07 1004.362539334449 0.19825977790394417 1.6438233742724506e-07 0.07970188400287444 3.145679936186742e-06 -7.40565904755123 22.502537000646434 9.263753685614742e-05 0.002876118898544951 0.22569843444413573
20221203112635 SCJM 16.42112819371594 3.120408 0.004784084342760019 7.053185971056204e-05 4.228834510607377e-06 257.30985847056155 0.3916982717849953 1.6564271694696558e-06 0.09263313789442641 2.1694426857016255e-05 -6.821829199468531 41.57818957130352 0.0004542933349831957 0.0072720231589311875 0.4162424531808237
20221203112635 SSJM 13.13471382449239 3.120408 0.012954523707428918 0.00015465276806823553 2.9477405037984283e-06 1987.0094833049475 0.1409548093275801 4.154982006600923e-07 0.07500947329184712 8.0050431921099e-05 -5.965329286099702 92.44121335714549 0.0003340484575605143 0.012525525212592719 0.925300101163099
20221203212959 IMSR 33.54160564799685 3.031819 0.003483669812560635 5.137426252206835e-05 7.506228972701961e-07 1559.338056842319 0.1591144892952676 1.1943497895248139e-07 0.09265918666631047 2.199654846006786e-06 -6.916324517060623 18.90545624163181 5.8303367150111306e-05 0.002127601983475095 0.1890930959816191
20221203220102 CBJR 43.01618346668603 4.213885 0.004570838305978033 0.00011286448028498693 4.005080214672539e-06 762.975448211762 0.22747024053315207 9.110365597861306e-07 0.15514625474754173 8.553950273926056e-05 -6.477870561726159 63.53897480348523 0.0005738213302698248 0.015994779805134703 0.6354529436678167
20221203220102 CLJO 78.5007162046404 4.213885 0.0016726684953905623 3.421667501329626e-05 1.8514625332549702e-06 215.81984462018633 0.42769500734437244 7.918612817583149e-07 0.12853097329000782 4.90429025625855e-06 -7.467760903156378 21.578661280430786 0.000271165222210868 0.0037648668083242135 0.21611162400216205
20221203220102 CSJR 30.32108610001697 4.213885 0.011192244685435351 0.0001497348346876809 6.047475257559204e-06 406.6979159245541 0.3115615780764389 1.8841609346233644e-06 0.08405925171622582 9.238329120125896e-05 -6.122725038498463 98.7154843911415 0.0008069309344385339 0.016386241807716688 0.9878092889971144
20221203220102 JABI 67.9962971018174 4.213885 0.004627051727916877 7.215232998135391e-05 2.818581308370932e-06 502.40200755905715 0.2803200650627411 7.901048957471657e-07 0.09797739171196061 1.745089840157743e-05 -6.606751685706616 41.052905495717276 0.0003034421381218556 0.006575235584153833 0.4108188026245439
20221203220102 JAKO 76.97774639882545 4.213885 0.002850144159678541 5.7136139325085726e-05 1.8731479979931968e-06 699.5739745023503 0.2375543820782828 4.449745152044464e-07 0.1259574712729038 1.101695406482756e-05 -6.991380788840033 29.504988203244 0.0002251517793606518 0.005667209712550403 0.29555685971735407
20221203220102 JPJI 51.73479899722099 4.213885 0.0038761694922491803 9.550642563638501e-05 4.64849743759959e-06 235.44049607070636 0.4094862150860132 1.9034956215596867e-06 0.15481381077367953 2.342437012676078e-05 -6.536786317912392 27.933857769669665 0.0004914262288144901 0.007204065987970025 0.2796376803889459
20221203220102 JTJM 37.9617233421466 4.213885 0.004373364345995356 0.00013817401719472253 7.298898593312208e-06 244.10988159340832 0.4021491807731261 2.935246089846627e-06 0.1985137495957402 7.001392495239162e-05 -6.529402177799938 33.94512029416103 0.0008648452500641878 0.012733264247535798 0.3404007264919173
20221203220102 RSJR 81.22143720197388 4.213885 0.0021583560582138644 3.8794964649160066e-05 2.3948582638743587e-06 286.53197634216696 0.3711874812614592 8.889414069457141e-07 0.11293593146900557 7.388238152999154e-06 -7.258844361984239 21.729762213109456 0.00025821960576741433 0.004456231785932407 0.21765149050688862
20221206192630 SSSR 214.3173946658293 3.628599 0.00016032359822518207 2.8306924417139394e-06 1.6439428028548924e-07 184.7076547059727 0.4623144005116157 7.600184313772448e-08 0.1109366640707526 3.252592219229631e-08 -9.634565483423192 1.4434926508135046 2.491387541606121e-05 0.00031629845286292415 0.014458483438321856
20221207054417 MBSR 151.23967640019177 4.576424 0.0011231191718603884 5.066524756908393e-05 2.6577318390591982e-06 223.1815669508077 0.42058202446478754 1.1177942373560404e-06 0.28344199537024395 4.536767646692948e-06 -7.310353422846918 9.225766346459153 0.00019993172642661705 0.002920305969525395 0.09240540241491027
20221207054417 MNAI 162.4980583402733 4.576424 0.0009896243087485837 1.6203664234975973e-05 9.340012550275818e-07 461.2217263904286 0.2925667651512966 2.732577258306708e-07 0.10287805598916185 3.5533943270888024e-07 -8.055479503295324 2.500209432009054 4.623768678567539e-05 0.0010043180972812496 0.05019617865449088
20221208122138 KCJR 156.98421977442126 3.251779 0.00040308644915517994 6.174170910887313e-06 1.9932791383107132e-07 611.5303878016296 0.25408021430420835 5.064527906300938e-08 0.09624104217000876 1.452346216158925e-07 -8.786640340006462 4.252202035197657 2.7716054854906252e-05 0.0006122693631390019 0.04253161179048494
20221208122138 MGJR 77.83407148181378 3.251779 0.0019162392385400225 2.59570993510159e-05 4.118274823103921e-07 2000.6610056158734 0.14047308316430632 5.7850676171934595e-08 0.08511111868451468 1.7997119504634543e-06 -7.43473528874625 18.835161232360896 4.9064877817562756e-05 0.0021037732620333345 0.18853806612340768
20221208122138 PGJR 51.899300380100684 3.251779 0.003387864444670964 5.5091180767395544e-05 1.0203275377156086e-06 1703.9161645707006 0.15221440587479462 1.5530854995107346e-07 0.10217294794582399 4.24872240241324e-06 -6.958893245563324 28.571972990739166 7.565909014679937e-05 0.0029765929286308737 0.286335214775065
20221210021006 ESJR 58.557297898330134 3.201997 0.0022328827918180884 3.681659996065533e-05 8.262558207500699e-07 1826.94102606942 0.14700009117505924 1.2145968098418368e-07 0.10359949065877527 3.458309934392187e-06 -7.29741122440226 17.7057368298063 6.786350192356736e-05 0.0028315846068328607 0.17714070513235375
20221212041702 CCJM 83.5828824881992 3.609025 0.007126072015078344 9.893769404798761e-05 2.973271762523117e-06 1398.980386626838 0.1679863738185675 4.994691417633995e-07 0.08723513658761567 3.7331016705643805e-05 -6.463757333671128 69.87039777265564 0.0002703786844840978 0.009822816785326038 0.6990034247923742
20221212155301 MNAI 149.61611388500737 3.471597 0.0008940288440576407 8.354416314438721e-06 1.5981633825275766e-07 1100.0358797669821 0.1894420754371252 3.027593880736404e-08 0.058714376147754876 3.324053207739135e-08 -8.30094610559485 2.114220600989885 1.058447864463942e-05 0.0002685961919541652 0.04238876954210668
20221212161943 ISSR 64.23321861007112 3.461282 0.004074083049694093 4.2109863406452805e-05 1.0721479527553274e-06 1020.0064546410196 0.1967335407655066 2.1092746297004463e-07 0.06494322079728596 4.861819725024141e-06 -7.068928788931245 37.76649131055834 0.000121093157804847 0.0034884710520521798 0.37783630454422673
20221212161943 KBSR 119.34895417633581 3.461282 0.0006780846253135655 2.2875268007424335e-05 1.2909376212859638e-06 257.92845371214094 0.39122828071197413 5.050513060821132e-07 0.21196402702034314 2.7636042368461683e-06 -8.015386780628974 7.158333661398011 0.00018130269803038772 0.0029093380468365767 0.07164879185280154
20221212161943 KSI 99.24862942937884 3.461282 0.0008624608194839933 1.1902483744624231e-05 2.0388870990273414e-07 1875.3258549294255 0.14509134202538806 2.9582486543612725e-08 0.08671177784970069 4.233549180861893e-07 -8.190801337523043 7.375851302778685 2.6357927476108364e-05 0.0010455311078183423 0.07383138575717281
20221213092850 BBJN 105.16387898466152 3.975539 0.0024542015954758293 4.9670429524376004e-05 2.2790050918242495e-06 300.4760375378777 0.36247240272354664 8.260764514527328e-07 0.12716498659448944 7.620602658261602e-06 -7.034731545010542 28.349069880658185 0.00027510597210984357 0.004693306074793515 0.2843375007462017
20221213092850 CCJM 145.91274673681383 3.975539 0.0037591258540818065 8.259207167161759e-05 3.0317711889238135e-06 833.4413236246683 0.21764182224266335 6.598402061801847e-07 0.1380483951217393 3.216962637592685e-05 -6.716132079033944 47.69225458014073 0.00031708747789902013 0.009468827003370994 0.47725864185814304
20221213092850 MBJI 201.91957525547315 3.975539 0.00013770927002603836 3.678259604430901e-06 1.671766614451019e-07 398.24372575668355 0.31485123213353367 5.2635777839960944e-08 0.16782593283794564 7.071326698802073e-08 -9.43467425866899 1.7926129805820017 2.5170876909018863e-05 0.000469089649875268 0.017931514521267594
20221213092850 MGJR 78.80700283776682 3.975539 0.004765873756830453 7.48100398871737e-05 1.9265828986431275e-06 1250.2744383698357 0.1776958119773038 3.423457125159781e-07 0.09862731734657036 1.896248093481274e-05 -6.562188696613423 60.509851593354405 0.00019545157742406057 0.006969394364993884 0.6072730203457131
20221213092850 PGJR 52.830126365049274 3.975539 0.007818847326811248 0.00014301665395422363 4.034620568718985e-06 730.3983081415687 0.23248770430632196 9.379996737685438e-07 0.11492744406529297 3.398298550836559e-05 -6.1686389105882755 78.19330944564521 0.0003480375462470414 0.009222574518471631 0.782197878832626
20221215224711 CPJR 64.13435447115015 4.101055 0.008531422647963152 0.00017802892980552963 4.471965843216446e-06 706.1706949163483 0.23644221700175125 1.0573615183262025e-06 0.13111397737094516 4.0858484306166345e-05 -5.982705887819865 57.10545166977671 0.00036864859725387246 0.009839707219501824 0.5712959949547795
20221215224711 ESJR 134.44467535302027 4.101055 0.0010395928425251065 1.338583952342159e-05 4.624603260017446e-07 1236.0346284297182 0.1787164583397004 8.264927158565506e-08 0.08090254836070128 1.1086214016680325e-06 -8.110251127761204 9.688385991650838 5.348018442422763e-05 0.0017544419989776222 0.09691879855541075
20221215224711 KTSR 178.9511443321475 4.101055 0.00036209516709063055 9.375720036081236e-06 3.936864013191302e-07 379.08296685845784 0.3227102300143767 1.2704662912322873e-07 0.16269034145984657 3.170716710874237e-07 -8.609058563698431 3.4648147135753113 4.871093735639473e-05 0.0009387887729386025 0.03467147785545494
20221215224711 MLJR 77.9059832940775 4.101055 0.005048494739216003 6.232660660226294e-05 1.4411687579440584e-06 1555.9775929286366 0.15928621738263007 2.2955832006293226e-07 0.07756958045488922 1.6504589472419105e-05 -6.909797491985265 56.809977796413776 0.000171599265759591 0.006881461657582549 0.5690725267900079
20221215224711 SADLY 91.56164716986362 4.101055 0.002231790550280353 3.87967984978633e-05 1.7343495898125954e-06 360.7212108541114 0.3308217299082071 5.737605315673922e-07 0.10922506785269798 6.317966182147485e-06 -7.339181290438001 21.290356479798227 0.00021540797722386485 0.004036403139514793 0.21302279138183144
20221217195544 KBSR 201.15079938641617 4.119635 0.0008273388936906829 2.4571225888255914e-05 1.1910743464778314e-06 405.8671758889595 0.31188027146164027 3.7147259051050184e-07 0.18660498939168735 3.901526959942439e-06 -7.796239513229454 10.846349427081678 0.00017849440687004703 0.0035922874144125555 0.1086539568226428
20221217195544 MKSM 19.18264535039593 4.119635 0.003295123496953732 7.681363311520887e-05 2.318253410121688e-06 1095.4106604986932 0.1898416005634993 4.4010093788929157e-07 0.14646925719984344 3.0237587559284618e-05 -6.676361019579927 41.44099777376533 0.0002727655011790809 0.00894706354921972 0.4148901295409011
20221217195544 NBSR 211.90117392557687 4.119635 0.00048511296557116594 7.223074092533964e-06 2.4839217778882286e-07 971.4701923628654 0.20158820998226684 5.007293449404578e-08 0.09355328806238868 2.501679108755933e-07 -8.695635689133855 4.890946346464364 2.753910635190336e-05 0.000812887879643513 0.04896177167838965
20221217195544 PKSI 59.814894179461135 4.119635 0.003444323379068223 8.475613951485053e-05 4.313889486987817e-06 180.6682687710398 0.46745405001362694 2.0165451120036624e-06 0.1546133948192278 1.7126431401357984e-05 -6.746760846933282 26.145342209159892 0.00047870082329619135 0.006496072905051672 0.2616600694086395
20221217195544 PPSM 123.21102134433508 4.119635 0.0024193409138723383 2.0516467757704238e-05 7.816252543131002e-07 470.2307014896618 0.28975062264956497 2.2647640411584534e-07 0.05328259776506765 1.6487005748146491e-06 -7.465592574611502 29.09458116058542 0.00010727364536499367 0.002325450522637161 0.29098424108918614
20221220235046 ABSM 88.87186164458355 3.071785 0.003250620613593557 5.1654064023402537e-05 9.119322816532839e-07 3120.3074474110936 0.11248151949542219 1.0257552871728869e-07 0.09984310527372327 6.320607413264555e-06 -7.102427034373933 29.034651835010525 6.55333452999913e-05 0.003560355878703866 0.29058658746235155
20221223041357 KTSR 94.93147847848685 2.954035 0.0003694804811382573 7.365986470915034e-06 3.412514198922275e-07 410.05869634136945 0.3102821949715701 1.0588423960132526e-07 0.12526198359479393 2.0473319117355717e-07 -8.891715575252668 3.823808115603787 3.9420665658700624e-05 0.0007496743103424169 0.038300228311930334
20221223150059 KCJR 151.72476707146603 3.353575 0.0002222994856527199 2.625595913934537e-06 1.1774121106215348e-07 287.33090733409904 0.37067107386226145 4.364326114225161e-08 0.07421117336634915 2.897053742358285e-08 -9.490688280971595 2.282296380359599 1.958875839819604e-05 0.00030339416679481685 0.02286418169561502
20221223150059 PGJR 46.671269250195145 3.353575 0.002814845609701297 3.042952083566495e-05 6.787949872570326e-07 1168.494970921631 0.18380886128930388 1.2476853365660268e-07 0.0679235541587853 1.561679489281109e-06 -7.317542529381489 16.40784719744584 5.8065280094432295e-05 0.0017981832189316927 0.16431777767759864
20221224141258 CLJR 131.18247744937707 3.075964 0.0002688851844283626 4.093310367285876e-06 1.3268874432079277e-07 724.0215761008734 0.23350926352325765 3.0984050964174154e-08 0.09565059381064056 8.984635331498508e-08 -9.15974755949846 3.029118123581806 1.9877665849835974e-05 0.0005373262783048543 0.030339841601580077
20221224141258 ESJR 69.17048620269381 3.075964 0.0016325465714543297 2.5385384391479596e-05 8.055431699969125e-07 1090.1263638721273 0.19030116497421168 1.532958036874319e-07 0.09770078049507737 1.4520344862574516e-06 -7.698039231473869 11.038445890752563 5.100765493703982e-05 0.001760488995948282 0.11051137027007549
20221230035121 MGJR 17.162680692372046 3.080949 0.010281469428242476 0.0001341501361405035 2.5865962770762176e-06 2920.0226242007548 0.11627511030528305 3.007567674322717e-07 0.08198148817510391 3.537115908887406e-05 -6.109075434264469 53.52797431201709 0.00015207035364177523 0.007180053769466932 0.5387077350591262
20221230164214 MBSM 69.78513697477818 3.108787 0.0027927731138934395 2.3722873757956444e-05 5.35580551971089e-07 1949.056891133801 0.1423205490059145 7.622411819341612e-08 0.0533717583782767 1.3975883521344627e-06 -7.502338001896141 29.217506584888017 4.400419415863029e-05 0.0019017325514848675 0.29233689379786776
20221230164214 MNAI 172.33008408876873 3.108787 0.00025565515899667003 1.3664904508773223e-06 1.47052707765247e-07 67.66758440063835 0.7638173721974357 1.1232141281976842e-07 0.03358396035131618 3.844638902517243e-09 -9.527271599314343 1.4827552860485895 1.3350432745738414e-05 0.00011510568876915474 0.029713054341290825
