20221119003108 KBSR 22.46689209204728 3.29993 0.0042932664794905085 4.349969960066476e-05 1.1521835267927277e-06 639.5852960399731 0.24844521282414364 2.862544815264916e-07 0.06366170716476412 4.144791752527114e-06 -7.0720660368163415 16.753219021915456 0.0001229998914977328 0.0029025543358535463 0.16810896136334944
20221119003108 NBSR 33.76286929173567 3.29993 0.0104751022843773 7.425391600035824e-05 6.781061269711216e-07 9860.812694038517 0.06327374116873723 4.290631156290561e-08 0.044539050917891114 3.596061809892262e-06 -6.399241084215382 26.85814300157682 2.206386675203977e-05 0.00193631950953008 0.26916180580084914
20221119093725 KSI 3.318068046865048 3.400602 0.08563521197645736 0.001903191851763825 8.799429167925292e-05 377.7338920240322 0.32328599542773534 2.844732217748577e-05 0.1396400709912865 0.006005309234954826 -3.939394979924844 410.3952682936951 0.004538109722716118 0.09157368597215951 4.114309958347027
20221119093725 MNAI 88.76690063149225 3.400602 0.0007107800896430192 8.653774853190403e-06 3.019352515118363e-07 499.2479705540712 0.2812041426143084 8.49054435264215e-08 0.07649802210486009 4.023822680947832e-08 -8.578061030614833 0.8924795322193606 1.136898456744195e-05 0.0002408625451454902 0.01822476974723186
20221119113145 MGJR 86.16318309020868 3.386871 0.005364157941053599 6.158436750778871e-05 1.4698809419921787e-06 1428.341547754237 0.16625083443666797 2.4436893312875526e-07 0.07213545859928279 1.029884158806091e-05 -6.786805755815746 25.11659836879428 0.00010672325525048563 0.0037772095711675053 0.2512634018336949
20221119182830 ACJM 164.7383183184774 5.071355 0.02311243916901898 0.000869857631224594 6.718019374338187e-05 106.78488533833361 0.6080299548881934 4.084757017116858e-05 0.23647338335343654 0.002365513927346978 -4.782256755396004 99.59995639699994 0.005930303994500313 0.05589572350873928 0.9982382508432237
20221119182830 BALE 144.24026706925704 5.071355 0.0033441689259230733 0.0001590942625137156 1.185627994909386e-05 117.46671013874466 0.5797255823247797 6.873388797694046e-06 0.29891394688048856 5.6284877675618345e-05 -6.383105747446892 17.540410310809445 0.0006865099397945283 0.00729762573175908 0.17565721367080678
20221119182830 BBJN 108.25305748751677 5.071355 0.0264698510608123 0.0010050479057782137 8.016255341120875e-05 158.54032008861608 0.49901086656585425 4.0001985243858854e-05 0.23856961718784583 0.003710274610631677 -4.709529028774323 128.64920199496436 0.005254106601950138 0.06885481482083473 1.289798748639183
20221119182830 BBJR 213.36352646348604 5.071355 0.002317357791649264 7.402589967521297e-05 3.3411332538278395e-06 307.2730334972915 0.3584409703851202 1.1975990456880449e-06 0.20071067440087592 9.507066001110427e-06 -6.9067303022154425 16.06555206905574 0.00021403454430626083 0.0036958479460799556 0.16122783341196403
20221119182830 BTJI 171.28465491485164 5.071355 0.002784576356175762 0.00013045419712201398 5.920134418212506e-06 217.92860186698204 0.42562071019033987 2.519731815501881e-06 0.294359999430093 2.5229972457587412e-05 -6.5440905456369105 13.363252670769493 0.00036370120565476917 0.005312574695182833 0.1346141850821615
20221119182830 CLJO 235.63703007690415 5.071355 0.0028811549145781592 5.679887159681144e-05 2.1508431828712813e-06 502.00955373795983 0.28042961595396604 6.031601277497994e-07 0.12386624324701312 8.259577237002179e-06 -7.003432857460983 16.532630130301275 0.00017516383936042775 0.0037053276102450017 0.1657147996947074
20221119182830 CLJR 242.8654413504068 5.071355 0.006767328739779159 0.0001148381336133083 4.000078846469713e-06 760.3497241990783 0.22786266476827485 9.114686252397959e-07 0.10662246531363444 4.033571608282652e-05 -6.278390978477352 36.39749299562644 0.0002813370074719409 0.007373780940431694 0.36635481220924704
20221119182830 CSJM 151.3687292916055 5.071355 0.006685724749838946 0.00043506981303927057 3.0393515372889742e-05 93.51858054829695 0.6497270007989615 1.974748758696478e-05 0.4088747830893824 0.00044269558614756826 -5.578079252444229 40.82519722679957 0.0028832051431229295 0.02401296311352862 0.40839283792974534
20221119182830 DSJR 174.64784439607973 5.071355 0.0077063171647665275 0.00023015743417711737 1.2878183507136533e-05 274.1367291217171 0.37948643383761876 4.887095933429681e-06 0.18765407364383097 0.00011862547889672902 -5.907496047209903 27.512308058121093 0.0006644148759950279 0.010480890373781571 0.27689187992053343
20221119182830 JAUI 224.6990371655896 5.071355 0.0032337050885346374 0.00011099734747259357 6.688829572350422e-06 159.0294191394897 0.49824291529849546 3.332661946062663e-06 0.21567115234115042 3.429520453392111e-05 -6.560316605786055 23.89880342783918 0.0005933830650733806 0.007218156396029728 0.24038021516220837
20221119182830 JPJI 181.4783737115828 5.071355 0.003966215967260624 0.00016552013710534466 1.0785536326623381e-05 153.48782547172027 0.5071575576423686 5.4699662612733575e-06 0.26221307717162773 6.491117683415556e-05 -6.295002001066305 24.169009478280984 0.0007339564320680799 0.009309929008924167 0.2422872693128925
20221119182830 KBJN 201.81206159026792 5.071355 0.00401310411193045 0.00015424400857702168 7.220641837884003e-06 323.09496313141614 0.3495544010985099 2.5240071331883863e-06 0.24149477845104572 5.8325207965684165e-05 -6.326168679757789 25.980452407131136 0.0004991332704120372 0.008695281055004517 0.2603554165254862
20221119182830 KKJN 140.14197971472294 5.071355 0.006579452792757144 0.0004420110778488651 2.9042070194013532e-05 198.6436271061403 0.44580255179984574 1.2947029002041474e-05 0.42210767330192966 0.00038458284344467615 -5.5660415971291926 34.72514382647474 0.0013758922692182914 0.018836830470522793 0.3490103958204984
20221119182830 KKJR 252.58709882219944 5.071355 0.001549540097898032 4.1600753489716484e-05 1.6720717834866751e-06 657.3146666543112 0.24507172459216672 4.097775156209795e-07 0.16868569161182628 5.153652557756309e-06 -7.429354659431013 9.566213166867835 8.73620731745613e-05 0.0024219482943332628 0.09586404346778238
20221119182830 LBJN 157.05055791792023 5.071355 0.014921142633559953 0.0007293703886755925 4.018427816727415e-05 113.95285752312363 0.5885959347939744 2.3652302771887826e-05 0.30713259849892405 0.0010234041114323175 -5.033854795220162 86.82135442602598 0.0037885284966175828 0.03523985660460398 0.8706180635491673
20221119182830 MLJR 252.21800941357688 5.071355 0.002949090661859595 5.9795457276191955e-05 2.739203271224272e-06 572.9772244524288 0.26248904855734917 7.190108604688376e-07 0.12739721550538793 5.515245767067383e-06 -6.969226296955123 12.849951215138939 0.00010793112833492036 0.0025695052358815185 0.12885834766802756
20221119182830 PCJN 211.39138232951007 5.071355 0.003925871401905977 9.856349847497526e-05 7.4091905067599455e-06 114.09788459442635 0.588221740795264 4.3582469377700795e-06 0.15774656427653763 2.9721417511189066e-05 -6.495186167742325 26.125183555833768 0.000700602134370213 0.007113058014786903 0.2617803944802999
20221119182830 SPJN 168.9893589957883 5.071355 0.004527921345400994 8.895887539515357e-05 3.470947598334549e-06 303.09034209309704 0.36090576500733595 1.2526849982773058e-06 0.12344408309869795 1.2406423605905474e-05 -6.573127973578303 19.440169854099842 0.0002416093477329804 0.004150587949281762 0.19454250037231002
20221119182830 TOJI 150.86790582281282 5.071355 0.00931869436821109 0.00036632033756103143 1.9949331493350793e-05 270.63745101965975 0.38193188926238025 7.61928586677697e-06 0.2469936744074576 0.0004909988657358166 -5.667347347130602 76.71382077589337 0.0018326683583864867 0.027745378932594444 0.7674730684088362
20221119182830 TSJM 152.0208510624427 5.071355 0.00478981342403435 3.5642057185101274e-05 4.4289033847805356e-07 3262.7514583872894 0.10999878094108229 4.87173973231692e-08 0.046754566451245747 2.1370064328175033e-06 -7.107747427413783 26.712845353739542 3.569741613610442e-05 0.001901668404910519 0.26794692990669133
20221119182830 WSJM 178.48684533590264 5.071355 0.005125483330721636 0.00015715060936599326 9.310043959783736e-06 214.96417470726237 0.4285453869236948 3.989776391022129e-06 0.19264649518306148 6.0321001737383614e-05 -6.262606685319144 32.90741977489949 0.0005643500091884255 0.008571549257722954 0.3293772002268105
20221119211357 MNAI 247.08806154494516 3.681018 0.0002441887863890318 2.7585314359229882e-06 1.5758572179826308e-07 147.4058323501628 0.5175145143574781 8.155289828610076e-08 0.07097936168113428 6.012419107944924e-09 -9.403815717148772 0.6548926521387309 9.175448545851389e-06 0.0001062784228738658 0.01313242808344836
20221121062741 CCJM 18.454905058405522 3.844376 0.008073978624094598 9.516877388453077e-05 1.8244067039020546e-06 1065.0889889161917 0.1925249063955011 3.512437298960678e-07 0.07406051831610275 1.3605934733227697e-05 -6.336494141167814 40.67152964298361 0.0001420134164855393 0.004144370262596147 0.4106640469210466
20221121062741 DSJR 19.339950321511797 3.844376 0.00577976260126814 0.0001531142446907557 6.121328817220638e-06 653.1552836597939 0.2458508115107419 1.5049336572377835e-06 0.1664506380157852 0.00010018899278009026 -6.253832709460469 48.600184322724715 0.0005203060153759546 0.013183156308364412 0.4861601439689418
20221121062741 GCJR 39.264529639476194 3.844376 0.001812881915007107 1.6209807429108993e-05 5.806641880316501e-07 796.3479258461628 0.2226529439121028 1.2928659088957772e-07 0.05618083727774892 8.317139097052108e-07 -7.822666868252141 13.262961197071043 3.964445052443863e-05 0.0011703671414200014 0.13269963096675008
20221121062741 KCJR 5.81130218857986 3.844376 0.08681165730886056 0.0006507821326814019 1.0464817865058091e-05 2788.4514751626925 0.1189866733800814 1.2451738652917079e-06 0.047101793249850005 0.00043047513148077553 -4.401704246173659 274.41880085870383 0.00042379725068915217 0.020695836076990184 2.7560114772991198
20221121062741 CCJM 18.454905058405522 3.563474 0.008073978624094598 9.516877388453077e-05 1.8244067039020546e-06 1065.0889889161917 0.1925249063955011 3.512437298960678e-07 0.07406051831610275 1.3605934733227697e-05 -6.336494141167814 40.67152964298361 0.0001420134164855393 0.004144370262596147 0.4106640469210466
20221121062741 DSJR 19.339950321511797 3.563474 0.00577976260126814 0.0001531142446907557 6.121328817220638e-06 653.1552836597939 0.2458508115107419 1.5049336572377835e-06 0.1664506380157852 0.00010018899278009026 -6.253832709460469 48.600184322724715 0.0005203060153759546 0.013183156308364412 0.4861601439689418
20221121062741 GCJR 39.264529639476194 3.563474 0.001812881915007107 1.6209807429108993e-05 5.806641880316501e-07 796.3479258461628 0.2226529439121028 1.2928659088957772e-07 0.05618083727774892 8.317139097052108e-07 -7.822666868252141 13.262961197071043 3.964445052443863e-05 0.0011703671414200014 0.13269963096675008
20221121062741 KCJR 5.81130218857986 3.563474 0.08681165730886056 0.0006507821326814019 1.0464817865058091e-05 2788.4514751626925 0.1189866733800814 1.2451738652917079e-06 0.047101793249850005 0.00043047513148077553 -4.401704246173659 274.41880085870383 0.00042379725068915217 0.020695836076990184 2.7560114772991198
20221121092305 CCJM 22.123486880173633 3.524292 0.007741534291844575 8.30719384414239e-05 2.5806857969414677e-06 1001.5826545402685 0.1985347214887053 5.123557359456317e-07 0.06742286004002382 1.466696265317899e-05 -6.466195207287559 38.70645376809599 0.0001411349142428315 0.00438341578022294 0.38732243110949893
20221121092305 DSJR 15.375986891612131 3.524292 0.009228818635965934 0.0002519088513567408 8.485144824827092e-06 655.0580823243757 0.24549348074882257 2.083047737704661e-06 0.1715051574883937 0.00018324388695576432 -5.738706761313737 59.554567242216294 0.0006172588714791889 0.01660073751618757 0.5966820271234242
20221121092305 ESJR 74.627753420521 3.524292 0.0004142064960628263 6.763595304766421e-06 2.3445216703931407e-07 741.9715873917083 0.2306674055363804 5.4080473093340656e-08 0.10259839728870725 1.7742609836514092e-07 -8.83674743369964 2.944518998095595 2.1727534504123508e-05 0.000537705914331999 0.029497313073710462
20221121092453 CCJM 20.885722684584366 3.259332 0.002462304502000865 2.9508290617545707e-05 8.892273884947913e-07 844.878901765211 0.21616363549511045 1.9221862507885702e-07 0.07529777811699882 2.5972354864029938e-06 -7.338629284013599 18.556596867830557 7.52600991529189e-05 0.0021232449407139723 0.1864704836644639
20221121141427 LSJR 77.4024051422023 3.110678 0.00119019392474956 1.1543713488970299e-05 2.221149626473664e-07 1051.1249078784967 0.19379952338412193 4.304577389754165e-08 0.06094073367031426 1.9243768127972297e-07 -7.929739630401706 5.891362406967705 1.7829499343985138e-05 0.00050778272419314 0.05902462288742102
20221121141427 MLJR 28.068647098821568 3.110678 0.003510737634910041 3.382769607728463e-05 5.534069050817e-07 3318.340151315436 0.10907354223845656 6.036205143648232e-08 0.060541602669200195 2.110504227487596e-06 -7.312372346728567 14.690679312180588 3.308124552042714e-05 0.0016875548223228192 0.14713530096670696
20221121141427 SADLY 51.40463909328134 3.110678 0.000829544904386124 1.169475746069934e-05 3.1654168307820906e-07 1485.7811889341258 0.1630055684274203 5.15980569811358e-08 0.08857908457947977 1.4417460508094004e-07 -8.315067113061602 4.918326914855289 1.153177425466609e-05 0.0004173267261079041 0.049196779517922944
20221121220608 KCJR 25.6299742125701 2.830848 0.0012726454933882035 5.393262995882311e-06 1.8160215719273835e-07 408.13028926877007 0.3110143695511514 5.648088042842861e-08 0.026627109426416173 5.635353091213074e-08 -8.475466494236365 5.098460856764168 1.7182025200085053e-05 0.0002992667502797402 0.05151623417436435
20221122003645 DSJR 17.51827981046348 3.400518 0.005838546095204448 0.00010990126628856415 5.50378923329879e-06 427.6350513139623 0.3038387920349432 1.6722646722604305e-06 0.11827088633451256 4.188455861112784e-05 -6.424626437837678 35.83326649469336 0.0003765391606849206 0.007902190227422733 0.3588839048265027
20221122003645 GCJR 41.52244331341597 3.400518 0.0018478795059063953 1.3087497620182118e-05 4.343445097501357e-07 854.9708509667623 0.21488406656878012 9.333371454693233e-08 0.044500289381444944 3.93227068692925e-07 -7.909556347224062 9.089563918758655 2.4527860748359894e-05 0.0007361117908211808 0.09093556394524073
20221122003645 JPJI 50.17120776770443 3.400518 0.002981854458884946 4.107410557137959e-05 8.013623272120777e-07 1303.2461245032034 0.17404704224913908 1.394747428211489e-07 0.08654889773800098 1.4680205459865292e-06 -7.126998951410832 12.233084464115533 4.581338910738199e-05 0.0013478769278150117 0.1226326867964378
20221122145404 CBJM 112.12527465598268 4.202615 0.012419605144674467 0.00010447930548712237 3.1260062140539366e-06 1559.4589488553295 0.15910832175756667 4.973736025218466e-07 0.052856981320578166 2.355089617974548e-05 -6.233178713551761 44.10674150899845 0.00013713327964861614 0.005218954257505299 0.44741149550404036
20221122145404 CIJI 142.22016192458005 4.202615 0.0008705398070863808 1.8074588043799862e-05 5.813513723528568e-07 731.6903546798865 0.2322823458123822 1.3503766051136925e-07 0.13045467318745865 7.4394685891181e-07 -8.020637855985838 7.042661591805849 3.934469925572216e-05 0.0009652522833126412 0.0705128742585472
20221122145404 CSJR 104.6560566768733 4.202615 0.0038967274729623403 8.632591599504117e-05 3.3747024099002675e-06 410.15948515939067 0.310244069683438 1.0469814096179646e-06 0.139194165045502 1.5152883728731412e-05 -6.799913507235086 21.08667260018896 0.00024900127585722204 0.004989048634249576 0.21123068451002935
20221122145404 JSJR 83.8917075701279 4.202615 0.011204341838349337 0.0001834795803291305 4.000054894925395e-06 2536.164813539516 0.12476452913796304 4.990649654913711e-07 0.10289191635921287 3.225833883759796e-05 -5.9233771438411225 42.02751153283037 0.00011941173243015308 0.005748781789525261 0.42245950089921863
20221124021128 NBSR 203.80080089360007 5.113411 0.0008987637575813968 2.011334531968554e-05 1.3228082223817635e-06 339.4485949611337 0.34103021643476483 4.511175743805393e-07 0.1406107831172 1.206474791099157e-06 -7.889657554233321 4.890926158365674 5.9804289076516175e-05 0.00123618946893824 0.04895493882592403
20221124205100 CSJR 30.303541138939963 3.356693 0.006198971161513914 5.4924982946510825e-05 1.380041752376451e-06 989.8197576536949 0.19971091853275155 2.756094059806491e-07 0.05567114878500658 7.262220098031136e-06 -6.73254588102134 26.311135165111843 0.00010585560412412805 0.0032581110898444437 0.2633370030717908
20221124205100 KCJR 7.018013078024124 3.356693 0.035468658277295895 0.0005795763973071764 1.6013684362680353e-05 1219.704021960065 0.17990889677211847 2.8810042869467475e-06 0.10267052887871914 0.00033513941633075457 -4.80874213314819 204.98486816993136 0.0005446579776455383 0.018122973641313933 2.0561447375536366
20221124205100 LCJR 9.919081452858725 3.356693 0.012293263869769188 0.000171226239242317 7.28600673213193e-06 476.66008847879755 0.28778985059250006 2.096838788856198e-06 0.08751509786238261 7.78673979859595e-05 -5.975278573674995 69.50595331602234 0.0004652693665620687 0.010518035044260922 0.6959631580720206
20221124205100 PBJI 51.32393246872766 3.356693 0.000988240381175932 9.771571450129856e-06 2.274101552287372e-07 1086.053964998684 0.19065761923061966 4.335747878477669e-08 0.062127186191738175 1.8156719163953312e-07 -8.239025507594222 6.502169169271034 1.7399569835447397e-05 0.0005237745534458165 0.06521577660625202
20221124205100 SCJM 16.5487164105363 3.356693 0.005023481068244108 6.729553757993505e-05 2.3472178139646052e-06 412.82554945681505 0.30924065505796755 7.258551743541451e-07 0.08417078261405579 7.929553948612553e-06 -6.663707101863227 24.78258955360625 0.00017810021034877306 0.003397298774034945 0.24821856646900808
20221124205100 SSJM 12.66979000240522 3.356693 0.00517332982947415 8.62418793451838e-05 2.6251629866553342e-06 441.8942735388172 0.2988963981088434 7.846517611599331e-07 0.1047437002910547 1.6963627825836495e-05 -6.522716393083923 38.62098595951116 0.00027060826103157784 0.0053987121166937865 0.3872078036383648
20221124205100 WSJM 40.593438669547204 3.356693 0.0016367155426054538 2.6120425889079483e-05 7.609106849335804e-07 935.6704254901073 0.20540850279532558 1.5629752455317245e-07 0.10027367119779351 2.1454615787504557e-06 -7.565567092128598 16.30258037958081 6.126717867832239e-05 0.0019181195668751426 0.1631314336762672
20221124210545 CSJR 28.832391531131947 3.143095 0.00571139739190379 9.574900309635951e-05 2.381649644340942e-06 1259.6753620697993 0.17703150066411308 4.216270105938282e-07 0.10533476978592861 1.4983285713513197e-05 -6.511549769452966 21.505463323369874 0.00011440006161473425 0.004154483516011927 0.21576905270996063
20221124210545 RSJR 79.6901371508847 3.143095 0.000535641018736119 7.424579958250852e-06 2.0919066182139021e-07 459.5718916844347 0.29309144299124706 6.131199293352524e-08 0.08709193298103945 7.861795333035686e-08 -8.611726974977149 2.435722919864361 1.928600807911366e-05 0.00034940870718279057 0.02440402204592385
20221124210545 SSJM 10.950372332605756 3.143095 0.008712513688170085 0.00014194961945234355 3.752681146364977e-06 869.1279038900226 0.21312677908208946 7.997968456468506e-07 0.10236951070891528 4.129465048620093e-05 -6.1437689176122925 46.880877151799055 0.00026704390700859514 0.007600466115086845 0.47031298504150776
20221124210545 WSJM 38.86909538198091 3.143095 0.002397870844754615 4.3668592521718684e-05 1.479663584409957e-06 856.6147928134334 0.2146777739853937 3.1765088454837825e-07 0.11442562034476611 4.687339230875389e-06 -7.335717428765229 14.716220363562504 8.91689760976321e-05 0.002596943465249966 0.1474408603594869
20221127155133 KBSR 101.43643018137297 3.688238 0.0010309892893570836 2.472633459274021e-05 8.80097789138743e-07 472.87322466495584 0.2889398922221576 2.542953603387076e-07 0.1506903551931106 1.4937086948746163e-06 -7.829402949259701 7.483101345754706 8.46182595825868e-05 0.0017747903142716294 0.07493651253302325
20221127155133 MNAI 96.17572338164497 3.688238 0.0015181526770758698 1.907188447667479e-05 4.647469742682316e-07 1815.9687410938097 0.14744351782035722 6.85239287824751e-08 0.07893289399250643 2.569449097907496e-07 -7.876608625081026 2.4990737779923777 1.6130600464947116e-05 0.0006082419861095237 0.05005133677965026
20221128090509 CCJM 20.51035167993363 3.348421 0.007225214023442743 6.075691063651158e-05 2.1248857635475012e-06 748.4376074370065 0.2296688350177949 4.880200378598522e-07 0.052835379960004834 1.2855614155595857e-05 -6.66338545994826 32.43449721479296 0.00015841507753339414 0.00413513442556207 0.32579069144523154
20221128090509 DSJR 17.35552169284273 3.348421 0.003629108442695808 0.00011598873075271322 5.324648490242583e-06 397.25312567834254 0.31524354806757865 1.6785610822767477e-06 0.20081480076205674 3.529296770438449e-05 -6.502072546986684 27.235997063740204 0.00037526411454752955 0.007818485789412685 0.2728686390772687
20221128090509 KCJR 7.930293173656488 3.348421 0.09558099177914231 0.00040846075163108385 1.0256805630323993e-05 1004.8070583924996 0.1982159187380561 2.033062151332337e-06 0.026850888920865998 0.0003627223896290286 -4.656916785164084 285.7245899835822 0.0006678796103536959 0.02118648612328223 2.8587485383812012
20221128090509 SCJM 15.532777005077977 3.348421 0.006132891066331993 9.493701689411931e-05 3.0294053349926627e-06 613.6393481312571 0.25364322612368284 7.683881424038351e-07 0.09726356838967205 1.1973701393467371e-05 -6.462056640656387 26.52442943817481 0.00016577565990977516 0.0035528552637581648 0.2669547408568756
20221128090509 SSJM 14.095446375296671 3.348421 0.004893318140784909 6.800988793889085e-05 2.2470393776371884e-06 489.0566201307989 0.28411901299201775 6.384266101284758e-07 0.08732698679019987 1.2504807194591701e-05 -6.668762596860558 35.83677683548375 0.00021387963136622042 0.004685557420185447 0.35987222923653645
20221130091623 KCJR 154.95518467687123 4.167568 0.0006944341951168134 1.4654708599240383e-05 5.971463562641419e-07 352.07878164432395 0.33485743174759697 1.9995889523604613e-07 0.1325946366109703 4.6728700801241416e-07 -8.135895941254992 3.796880850366256 4.355795317488265e-05 0.0008310120527128333 0.0380409537574265
20221130132035 JPSI 71.68690426161815 3.138308 0.002188837581416648 1.9875965312179812e-05 2.3732670950822723e-07 4374.576853289576 0.09499742708884605 2.254542678274356e-08 0.05705511193510864 4.418276596455253e-07 -7.582987018604167 11.41514513331739 1.4646364788173726e-05 0.0007609375095893676 0.11444215928908688
20221201025302 MNAI 24.830140079904893 3.087645 0.002079653415771301 1.8528523768609667e-05 3.78396002074955e-07 3538.725149755003 0.1056225022808128 3.996713259221238e-08 0.05597959132218139 1.829696599302267e-07 -7.414168217309824 3.019791783076453 1.0284040885612257e-05 0.0005205277471161003 0.06049330150709592
20221201082946 NBSR 221.10361937302756 5.141298 0.0010239175366924098 1.823209956761997e-05 9.596547182217182e-07 318.9743451654309 0.35180498667794774 3.376113153594213e-07 0.11187977158039263 9.51007078184864e-07 -8.022400335956165 4.612662935668683 6.152147233770927e-05 0.001113879618904527 0.04636223186024479
20221203112635 CSJR 30.9232598530341 3.120408 0.0023469915124418525 2.9771467199387633e-05 8.291260040999715e-07 1198.306713586009 0.18150804208999746 1.5049303765008905e-07 0.07970188400287444 2.0107377959088423e-06 -7.40565904755123 12.894887745763315 5.0363850411845414e-05 0.0016598196510402344 0.12943678887742185
20221203112635 SCJM 16.42112819371594 3.120408 0.004784084342760019 4.8287518614832564e-05 3.0078421126623655e-06 419.49545459990577 0.30677236795687485 9.22722847341843e-07 0.06341849468854482 7.175683502414504e-06 -7.006093059278289 21.946223475253042 0.00017187594145588023 0.003031172434366588 0.2200442007693666
20221203112635 SSJM 13.13471382449239 3.120408 0.003506905125733299 4.4933855088516946e-05 1.5597148085639634e-06 415.6954518554975 0.308171329447869 4.806593861146852e-07 0.08050623782645709 5.1470787236044e-06 -7.006168651190714 25.488266018803728 0.00014640237085741678 0.00272536387867631 0.2555336034635059
20221203212959 IMSR 33.54160564799685 3.031819 0.003483669812560635 5.137426252206835e-05 7.506228972701961e-07 1653.7690361910477 0.1545049650778854 1.159749645293928e-07 0.09265918666631047 1.9720041926469162e-06 -6.916324517060623 14.198495803680846 4.13672060341048e-05 0.0015802726447947204 0.14221542624040256
20221203220102 CBJR 43.01618346668603 4.213885 0.004570838305978033 0.00011286448028498693 3.5780515254500294e-06 826.0450688530218 0.21861401319984172 7.822122034144466e-07 0.15514625474754173 6.0102465002737624e-05 -6.477870561726159 40.18634517349658 0.0003551882266078379 0.01012096604243436 0.4031127565638583
20221203220102 CLJO 78.5007162046404 4.213885 0.0016726684953905623 3.421667501329626e-05 1.4073255012885533e-06 341.3099970890917 0.3400990069205993 4.786300054022716e-07 0.12853097329000782 3.2272262347080893e-06 -7.467760903156378 14.314869497148182 0.00013111440463644324 0.002310617289379593 0.143818088210853
20221203220102 CSJR 30.32108610001697 4.213885 0.006704455489054299 0.0001497348346876809 6.047475257559204e-06 444.12037374415115 0.2981463658599262 1.803032770669098e-06 0.14032634191077428 5.0301513544966736e-05 -6.122725038498463 48.78129474988786 0.00040933190593096856 0.009147977890785886 0.4897883079101214
20221203220102 JABI 67.9962971018174 4.213885 0.004627051727916877 7.215232998135391e-05 1.8842178472805472e-06 744.6191288520349 0.2302569639358232 4.338542809085114e-07 0.09797739171196061 1.1921589815538605e-05 -6.606751685706616 25.646526651221688 0.00015473577523845245 0.003871074146867435 0.25697921318617056
20221203220102 JAKO 76.97774639882545 4.213885 0.002850144159678541 5.7136139325085726e-05 1.8731479979931968e-06 743.6100488933226 0.23041314049462805 4.315979128288377e-07 0.1259574712729038 6.936777385374663e-06 -6.991380788840033 18.11749257027773 0.00013099457401652886 0.003334890933910011 0.18144495291038093
20221203220102 JPJI 51.73479899722099 4.213885 0.0038761694922491803 9.550642563638501e-05 4.64849743759959e-06 257.7946378094558 0.39132980682198454 1.8190956042683375e-06 0.15481381077367953 1.787244848823504e-05 -6.536786317912392 17.854364687369305 0.00028264534887428904 0.004433469663022751 0.17868069612260598
20221203220102 JTJM 37.9617233421466 4.213885 0.004373364345995356 0.00013817401719472253 7.298898593312208e-06 304.64781673670865 0.35998203963006487 2.6274724026735397e-06 0.1985137495957402 5.159766042298214e-05 -6.529402177799938 20.85237497046531 0.00045878464310948017 0.007845089507729362 0.2088915211610307
20221203220102 RSJR 81.22143720197388 4.213885 0.0016712466478298095 3.8794964649160066e-05 2.3948582638743587e-06 306.0007616997154 0.3591853497453747 8.601980031003124e-07 0.145852769363925 3.338026188566238e-06 -7.319022031669788 9.441481721633735 0.00011676031252890145 0.0021570127114517233 0.09450810378974894
20221206192630 SSSR 214.3173946658293 3.628599 0.00016032359822518207 2.8306924417139394e-06 1.6439428028548924e-07 203.63667191243246 0.44030323167170543 7.238333287804505e-08 0.1109366640707526 2.3436141272194373e-08 -9.634565483423192 0.9184591139047796 1.5228625064368104e-05 0.00020603791872635357 0.009213391957757083
20221207054417 MBSR 151.23967640019177 4.576424 0.0011231191718603884 5.066524756908393e-05 2.6577318390591982e-06 189.6163757651734 0.45629104719790414 1.2126992440155332e-06 0.28344199537024395 3.484488219166943e-06 -7.310353422846918 5.588213812668139 0.00015065310390912034 0.001942748347566207 0.05598334469929005
20221207054417 MNAI 162.4980583402733 4.576424 0.0009896243087485837 1.4859130870419663e-05 9.340012550275818e-07 441.8670347141224 0.2989056106778772 2.7917821550792307e-07 0.09434153136409915 2.3402505727489713e-07 -8.243799133383108 1.3671613950963537 2.781424502516463e-05 0.0006183902364838996 0.027392048367583088
20221208122138 KCJR 156.98421977442126 3.251779 0.00040308644915517994 6.174170910887313e-06 1.9932791383107132e-07 712.1685223137606 0.23544446291155907 4.6930653615238117e-08 0.09624104217000876 1.1366463804227845e-07 -8.786640340006462 2.441880193441102 1.7123849497346096e-05 0.00041123099353079524 0.024474904640089497
20221208122138 MGJR 77.83407148181378 3.251779 0.0018941349043424358 2.59570993510159e-05 4.118274823103921e-07 2167.105576308598 0.13497080357053792 5.558468621986511e-08 0.08610435554796084 8.945579935972795e-07 -7.43473528874625 9.238003370018813 2.3789472285834338e-05 0.00104284064464089 0.09249085772698029
20221208122138 PGJR 51.899300380100684 3.251779 0.003387864444670964 5.5091180767395544e-05 1.0203275377156086e-06 1717.9970042027571 0.15158934180270095 1.5467077986547965e-07 0.10217294794582399 3.5825361078432427e-06 -6.958893245563324 18.487009440817715 5.244290070689158e-05 0.0020817613006757054 0.18536090757212076
20221210021006 ESJR 58.557297898330134 3.201997 0.0018937146327156049 3.0410878892729674e-05 8.262558207500699e-07 1660.011501137246 0.15421418387593547 1.2742036706971324e-07 0.10090072925254338 1.7736584874820915e-06 -7.493517974391327 9.570410489316286 3.868229121044196e-05 0.0015930934246838559 0.09586314039504704
20221212041702 CCJM 83.5828824881992 3.609025 0.007126072015078344 9.893769404798761e-05 2.973271762523117e-06 1439.286251422306 0.1656175210693795 4.924258987746635e-07 0.08723513658761567 3.0017042902285248e-05 -6.463757333671128 45.96387174111291 0.00017893037252414575 0.006728958874045585 0.4599357423559195
20221212155301 MNAI 149.61611388500737 3.471597 0.0008940288440576407 8.354416314438721e-06 1.5981633825275766e-07 1686.9305152765633 0.15297880749756618 2.4448512844534537e-08 0.058714376147754876 2.8501511530310473e-08 -8.30094610559485 1.6905526516494132 6.229459156957441e-06 0.00019003271285495814 0.033934320133851434
20221212161943 ISSR 64.23321861007112 3.461282 0.004074083049694093 4.2109863406452805e-05 1.0721479527553274e-06 1116.4216071819828 0.1880467152783128 2.0161390080800702e-07 0.06494322079728596 3.677525644012908e-06 -7.068928788931245 25.30102740462651 7.534900557555521e-05 0.002268067634636466 0.253860506856569
20221212161943 KBSR 119.34895417633581 3.461282 0.0003553440463935401 1.1524902122771152e-05 5.506081858445922e-07 304.4600414547588 0.36009303171540824 1.9827017092810014e-07 0.2037830559408943 5.533514947114106e-07 -8.387713710784753 3.454014343174463 6.428455746765609e-05 0.0011398751268213133 0.03472794166540781
20221212161943 KSI 99.24862942937884 3.461282 0.0008624608194839933 1.1902483744624231e-05 2.0388870990273414e-07 1886.7222177579986 0.1446524808990815 2.949300771474362e-08 0.08671177784970069 2.52845346295158e-07 -8.190801337523043 3.9251953853428567 1.5055610760708615e-05 0.0005809678686794553 0.03936279692858104
20221213092850 BBJN 105.16387898466152 3.975539 0.0024542015954758293 4.9670429524376004e-05 2.2790050918242495e-06 282.2545122307338 0.3739895106450692 8.523239990489721e-07 0.12716498659448944 5.476743930829366e-06 -7.034731545010542 17.806436029306916 0.00018592567456237585 0.0030669049014049655 0.17811680706981514
20221213092850 CCJM 145.91274673681383 3.975539 0.0037591258540818065 8.259207167161759e-05 3.0317711889238135e-06 797.4058197690729 0.2225052014676068 6.745848591951789e-07 0.1380483951217393 2.4779653670591818e-05 -6.716132079033944 28.695764773552327 0.00021869786786700548 0.0063754741671989395 0.2878150251570933
20221213092850 MBJI 201.91957525547315 3.975539 0.00013770927002603836 3.678259604430901e-06 1.3723905324054564e-07 525.4401943024762 0.2741057983112622 3.761802024798158e-08 0.16782593283794564 4.682488753376747e-08 -9.43467425866899 1.1526138601434974 1.3569508018080286e-05 0.00030184392491484284 0.011532473366856758
20221213092850 MGJR 78.80700283776682 3.975539 0.004424554413779486 7.48100398871737e-05 1.9265828986431275e-06 1053.0356334974504 0.19362361962992186 3.730319543523892e-07 0.10623563403011523 1.0393607704548222e-05 -6.562188696613423 28.463086388913187 0.00011466711329507794 0.0037311437950810645 0.28585993218828787
20221213092850 PGJR 52.830126365049274 3.975539 0.007818847326811248 0.00014301665395422363 4.034620568718985e-06 718.5114239995822 0.2344029265249964 9.457268687256753e-07 0.11492744406529297 2.7071564284469766e-05 -6.1686389105882755 51.419914568346364 0.00024305487238207823 0.006217209547983162 0.5166767898482048
20221215224711 CPJR 64.13435447115015 4.101055 0.008531422647963152 0.00017802892980552963 4.471965843216446e-06 814.4757059866747 0.22016120874773976 9.84553405521138e-07 0.13111397737094516 2.5480264067273127e-05 -5.982705887819865 30.026890168035607 0.00019613537558953777 0.0053796470121185306 0.30084060164393084
20221215224711 ESJR 134.44467535302027 4.101055 0.0008487721065742078 1.2962254957347036e-05 3.066802968345145e-07 1374.7799979763533 0.16945846414141302 5.196957208400948e-08 0.09595537985413051 5.12900905207359e-07 -8.199749835807868 5.095493331278895 2.6516238155771123e-05 0.0008582257137208343 0.051088236291065695
20221215224711 KTSR 178.9511443321475 4.101055 0.00026371502649162777 6.0145690897912575e-06 3.003253351297362e-07 436.39218748756986 0.30077475717355084 9.033027974671168e-08 0.14330109526463664 1.3083558009643937e-07 -8.942994953469185 1.681577267947875 2.1957379662714204e-05 0.0004487710448300566 0.0168776877146361
20221215224711 MLJR 77.9059832940775 4.101055 0.003741065584463132 5.042463967634225e-05 1.4411687579440584e-06 1654.5590085434198 0.15446807632917023 2.2261456570531827e-07 0.08468906732082467 8.34534579497358e-06 -6.988058803510266 29.422592324007088 8.697945009970381e-05 0.0036810560527631444 0.2950095873476712
20221215224711 SADLY 91.56164716986362 4.101055 0.002231790550280353 3.719867284609337e-05 1.2890912688692044e-06 353.32253076235406 0.33426753758194694 4.3090136416329646e-07 0.10472584653779177 3.1178502782344575e-06 -7.339181290438001 11.93646331997093 0.00011441979799775345 0.002022184838416615 0.11968266991623097
20221217195544 KBSR 201.15079938641617 4.119635 0.0008273388936906829 2.4571225888255914e-05 1.1910743464778314e-06 398.9054400561018 0.3145899822058004 3.7470005746424635e-07 0.18660498939168735 2.431425066705982e-06 -7.796239513229454 6.5093530215887 0.00011186990337287548 0.002227557252536334 0.06533604408053995
20221217195544 MKSM 19.18264535039593 4.119635 0.003295123496953732 7.681363311520887e-05 2.2639078968882266e-06 1179.01714644813 0.18298681911788872 4.142653048274458e-07 0.14646925719984344 1.4105088779936373e-05 -6.676361019579927 20.92070197432764 0.00013361129040794447 0.0043018909402265035 0.20975379834425464
20221217195544 NBSR 211.90117392557687 4.119635 0.00048511296557116594 7.223074092533964e-06 1.869014899562762e-07 1148.014494882532 0.1854411801991752 3.465923287847615e-08 0.09355328806238868 1.2964274606813903e-07 -8.695635689133855 2.5484131679913995 1.3866726300615562e-05 0.0004307420699407724 0.025493432289376932
20221217195544 PKSI 59.814894179461135 4.119635 0.003444323379068223 8.475613951485053e-05 4.313889486987817e-06 166.56722874258242 0.4868386934725834 2.100168321630262e-06 0.1546133948192278 1.434612391664139e-05 -6.746760846933282 18.680439073271025 0.0003712552491342276 0.004525209390131337 0.18775461476242641
20221217195544 PPSM 123.21102134433508 4.119635 0.0024193409138723383 2.0516467757704238e-05 7.280258039189864e-07 429.68863480220557 0.3031118637737581 2.2067325830127254e-07 0.05328259776506765 8.772635904987653e-07 -7.465592574611502 18.66493568568345 6.627429579654754e-05 0.0013371633735547645 0.18724311740140315
20221220235046 ABSM 88.87186164458355 3.071785 0.003250620613593557 5.1654064023402537e-05 9.119322816532839e-07 3058.5209546929386 0.11361198249264473 1.0360643441767046e-07 0.09984310527372327 5.4883309397853835e-06 -7.102427034373933 19.666830274199555 4.87489284336155e-05 0.0025574635472607123 0.19695207058038694
20221223041357 KTSR 94.93147847848685 2.954035 0.0003694804811382573 7.365986470915034e-06 3.412514198922275e-07 382.082206833837 0.3214411414450914 1.0969224592991577e-07 0.12526198359479393 1.4751200840078805e-07 -8.891715575252668 2.348305591991249 2.7553420027714065e-05 0.00048271711819450086 0.023519356288481827
20221223150059 KCJR 151.72476707146603 3.353575 0.0002222994856527199 2.625595913934537e-06 1.1774121106215348e-07 294.3613705573486 0.36621780914115837 4.311892836080857e-08 0.07421117336634915 1.6811245112452656e-08 -9.490688280971595 1.2271558238669142 1.1389439618075947e-05 0.00017607248174530146 0.012287513889487659
20221223150059 PGJR 46.671269250195145 3.353575 0.002814845609701297 3.042952083566495e-05 6.787949872570326e-07 1269.613525480427 0.17633726401529062 1.1969685088019919e-07 0.0679235541587853 1.2384413440755851e-06 -7.317542529381489 9.534771103435299 3.5871065660621406e-05 0.0011445797950629935 0.0953627281681119
20221224141258 CLJR 131.18247744937707 3.075964 0.0002688851844283626 4.093310367285876e-06 1.3268874432079277e-07 720.0636370328683 0.23415014361027933 3.106908853818126e-08 0.09565059381064056 6.000112804936445e-08 -9.15974755949846 1.9198561565336947 1.2550432328988585e-05 0.0003380223906095244 0.019221826476590473
20221224141258 ESJR 69.17048620269381 3.075964 0.0016325465714543297 2.5385384391479596e-05 8.055431699969125e-07 1063.1426106889776 0.1927010610002018 1.5522902353987095e-07 0.09770078049507737 1.1682555497712814e-06 -7.698039231473869 7.2054734194709535 3.3958846023146846e-05 0.0011431267644503526 0.07231463091074761
20221230035121 MGJR 17.162680692372046 3.080949 0.002273020452524788 4.4273340331927124e-05 1.2588716079653227e-06 1208.2868755127877 0.18075688116374877 2.2754970564140518e-07 0.12238235743296386 2.881176543481968e-06 -7.3077842116467195 15.995310757210364 5.5563517915053316e-05 0.001979545283230899 0.16079716996707472
20221230164214 MBSM 69.78513697477818 3.108787 0.0027927731138934395 2.3722873757956444e-05 5.35580551971089e-07 1686.7014526769442 0.15298919479332804 8.193803739302309e-08 0.0533717583782767 1.1330862795993536e-06 -7.502338001896141 18.213835720692604 3.6543612210436066e-05 0.0013359813556740921 0.18230158373423877
20221230164214 MNAI 172.33008408876873 3.108787 0.00025565515899667003 1.3664904508773223e-06 1.47052707765247e-07 58.747148520138495 0.819759526908895 1.2054785814831088e-07 0.03358396035131618 2.5198091448498924e-09 -9.527271599314343 1.0519444085499532 9.117148352248647e-06 7.279739861877104e-05 0.021148386009500218
